10690.jpg 1 138 177 99 27
1070.jpg 1 77 101 109 30
11024.jpg 1 164 115 109 30
11044.jpg 1 138 105 122 34
11090.jpg 1 130 192 118 32
11118.jpg 1 135 132 115 31
11172.jpg 1 130 97 130 36
11210.jpg 1 136 134 118 32
11292.jpg 1 113 146 113 31
11508.jpg 1 155 130 134 37
11564.jpg 1 159 113 124 34
11664.jpg 1 135 121 120 33
11842.jpg 1 115 132 114 31
12214.jpg 1 179 189 114 31
12215.jpg 1 261 162 101 28
12244.jpg 1 166 225 112 31
12245.jpg 1 244 193 102 28
12304.jpg 1 129 217 110 30
12311.jpg 1 187 230 117 32
12338.jpg 1 123 242 117 32
12430.jpg 1 141 217 109 30
12431.jpg 1 217 184 107 30
12498.jpg 1 160 210 104 29
12499.jpg 1 234 178 106 29
12681.jpg 1 257 177 100 27
12684.jpg 1 173 221 109 30
128.jpg 1 145 233 121 33
13386.jpg 1 168 95 108 30
13416.jpg 1 130 129 119 32
13451.jpg 1 282 247 83 22
13490.jpg 1 184 88 114 31
13522.jpg 1 142 56 103 28
13559.jpg 1 312 252 89 24
13562.jpg 1 181 135 123 34
13601.jpg 1 289 213 82 22
13620.jpg 1 167 128 129 35
13638.jpg 1 165 128 128 35
13716.jpg 1 160 125 121 34
13768.jpg 1 152 135 123 34
13816.jpg 1 152 176 120 33
13832.jpg 1 163 112 122 34
13880.jpg 1 185 239 127 35
13940.jpg 1 154 139 110 30
14000.jpg 1 137 142 113 31
14002.jpg 1 140 51 113 31
14004.jpg 1 149 123 119 32
14020.jpg 1 178 127 151 42
14052.jpg 1 172 100 121 33
14053.jpg 1 290 229 80 22
14084.jpg 1 194 113 122 34
14114.jpg 1 183 83 110 30
14152.jpg 1 158 149 130 35
14254.jpg 1 104 102 110 30
14842.jpg 1 173 120 132 37
14844.jpg 1 123 131 114 31
14906.jpg 1 179 103 109 30
150.jpg 1 175 135 138 38
15354.jpg 1 160 129 121 33
15356.jpg 1 165 138 117 32
15692.jpg 1 116 129 121 33
15858.jpg 1 138 159 135 37
15886.jpg 1 162 96 116 32
16494.jpg 1 137 157 120 33
17000.jpg 1 251 169 98 27
17001.jpg 1 238 160 90 25
17030.jpg 1 217 206 109 30
17060.jpg 1 240 202 107 30
17061.jpg 1 229 190 99 27
17100.jpg 1 248 151 99 27
17101.jpg 1 233 142 101 28
17171.jpg 1 248 165 100 27
17174.jpg 1 235 226 118 32
17175.jpg 1 227 213 107 30
17210.jpg 1 226 135 99 27
17228.jpg 1 238 187 102 28
17246.jpg 1 218 194 103 28
1728.jpg 1 158 219 116 32
17318.jpg 1 246 212 107 30
17319.jpg 1 235 198 102 28
17364.jpg 1 222 187 103 28
17365.jpg 1 213 174 99 27
17370.jpg 1 244 227 109 30
17371.jpg 1 233 210 106 29
17400.jpg 1 211 203 107 30
17401.jpg 1 204 190 104 29
17420.jpg 1 162 262 113 31
17421.jpg 1 156 240 112 31
17436.jpg 1 222 200 103 28
17470.jpg 1 206 232 113 31
17540.jpg 1 205 234 116 32
17541.jpg 1 194 219 114 31
17602.jpg 1 214 145 101 28
17603.jpg 1 204 138 95 26
17614.jpg 1 221 233 116 32
17615.jpg 1 211 219 111 31
17618.jpg 1 207 229 116 32
17619.jpg 1 200 215 109 30
17652.jpg 1 266 181 103 28
17653.jpg 1 255 169 96 26
17684.jpg 1 248 187 107 30
17685.jpg 1 235 175 101 28
17717.jpg 1 340 183 102 28
17754.jpg 1 213 224 119 32
17755.jpg 1 202 209 110 30
17856.jpg 1 199 166 111 31
17857.jpg 1 192 152 100 27
18553.jpg 1 260 196 101 28
186.jpg 1 204 106 123 34
18694.jpg 1 198 138 112 31
18695.jpg 1 195 127 102 28
18722.jpg 1 211 165 104 28
18723.jpg 1 201 154 100 28
18966.jpg 1 235 219 115 31
18967.jpg 1 232 204 102 28
18968.jpg 1 224 230 116 32
18969.jpg 1 215 215 111 31
18976.jpg 1 216 184 112 31
18979.jpg 1 221 189 104 29
19472.jpg 1 188 243 124 34
19473.jpg 1 186 226 114 31
1950.jpg 1 159 119 124 34
19500.jpg 1 226 195 119 32
19501.jpg 1 219 183 111 31
19650.jpg 1 255 198 117 32
19651.jpg 1 247 188 106 29
20114.jpg 1 240 240 123 34
20115.jpg 1 234 228 117 32
20628.jpg 1 163 59 112 31
2063.jpg 1 247 210 97 27
20676.jpg 1 132 94 120 33
20706.jpg 1 183 115 122 34
20756.jpg 1 178 83 136 38
20824.jpg 1 165 138 133 37
20825.jpg 1 284 256 91 25
20830.jpg 1 187 135 126 35
20868.jpg 1 186 77 125 34
20900.jpg 1 155 102 117 32
20980.jpg 1 140 129 118 32
20982.jpg 1 140 187 136 37
20996.jpg 1 181 112 113 31
21058.jpg 1 134 147 120 33
21102.jpg 1 142 148 118 32
21104.jpg 1 139 93 117 32
21124.jpg 1 178 102 115 31
21126.jpg 1 149 135 123 34
21150.jpg 1 148 95 113 31
21152.jpg 1 189 146 126 34
21162.jpg 1 146 144 132 36
21172.jpg 1 152 245 142 39
21174.jpg 1 186 136 130 35
21202.jpg 1 185 87 122 34
21238.jpg 1 153 134 118 32
21306.jpg 1 142 152 123 34
21310.jpg 1 130 50 109 30
21394.jpg 1 186 113 128 35
21468.jpg 1 153 172 115 31
21490.jpg 1 133 148 135 37
21694.jpg 1 191 149 126 34
2174.jpg 1 160 191 118 32
21744.jpg 1 186 100 120 33
218.jpg 1 222 89 109 30
21832.jpg 1 137 128 123 34
21938.jpg 1 127 132 126 34
22224.jpg 1 142 103 124 34
22226.jpg 1 133 137 119 32
22266.jpg 1 143 142 119 32
2230.jpg 1 158 131 129 35
22310.jpg 1 198 136 123 34
22512.jpg 1 169 108 128 35
2270.jpg 1 183 145 119 32
2272.jpg 1 130 71 114 31
22784.jpg 1 172 136 119 32
2300.jpg 1 137 74 110 30
23120.jpg 1 180 25 103 28
23122.jpg 1 126 137 119 32
23314.jpg 1 131 236 132 37
23354.jpg 1 143 119 130 35
23518.jpg 1 203 124 117 32
23948.jpg 1 134 38 100 27
2408.jpg 1 129 153 127 35
2428.jpg 1 116 97 117 32
24340.jpg 1 130 74 123 34
2436.jpg 1 132 126 120 33
24452.jpg 1 228 145 95 26
24530.jpg 1 211 191 106 29
24580.jpg 1 248 149 105 29
24581.jpg 1 235 140 107 30
24648.jpg 1 260 213 110 30
24649.jpg 1 254 200 99 27
24651.jpg 1 261 204 95 26
24654.jpg 1 240 226 125 34
24655.jpg 1 238 211 104 29
24696.jpg 1 219 152 101 28
24697.jpg 1 209 141 97 27
24728.jpg 1 231 204 107 30
24729.jpg 1 226 191 99 27
24812.jpg 1 232 195 106 29
24813.jpg 1 224 184 94 26
24826.jpg 1 226 209 106 29
24827.jpg 1 217 193 104 29
24880.jpg 1 228 190 103 28
24881.jpg 1 218 178 100 27
24886.jpg 1 231 229 117 32
24887.jpg 1 225 215 106 29
24933.jpg 1 224 160 103 28
24952.jpg 1 240 177 103 28
24953.jpg 1 231 168 94 26
24954.jpg 1 253 193 112 31
24955.jpg 1 246 186 96 26
24980.jpg 1 216 236 109 30
24981.jpg 1 205 219 106 29
24982.jpg 1 185 243 120 33
24983.jpg 1 188 230 105 29
25136.jpg 1 234 168 99 27
25137.jpg 1 218 157 101 28
25139.jpg 1 201 245 109 30
25142.jpg 1 204 148 103 28
25143.jpg 1 199 140 91 25
25154.jpg 1 219 208 107 30
25156.jpg 1 244 207 109 30
25157.jpg 1 237 193 101 28
25226.jpg 1 214 204 108 30
25270.jpg 1 250 172 103 28
25271.jpg 1 242 161 91 25
25322.jpg 1 219 243 116 32
25323.jpg 1 212 228 108 30
25406.jpg 1 214 237 109 30
25407.jpg 1 206 221 99 27
25526.jpg 1 264 214 113 31
25527.jpg 1 258 201 95 26
25576.jpg 1 253 191 101 28
25577.jpg 1 241 182 97 27
2564.jpg 1 189 122 119 32
25666.jpg 1 214 194 106 29
25774.jpg 1 220 181 107 30
25775.jpg 1 212 170 108 30
26062.jpg 1 197 86 93 25
26064.jpg 1 244 226 114 31
26065.jpg 1 240 217 100 27
26066.jpg 1 217 225 114 31
26067.jpg 1 209 210 107 30
26104.jpg 1 186 227 116 32
26105.jpg 1 178 209 108 30
26152.jpg 1 281 217 107 30
26153.jpg 1 271 207 99 27
26334.jpg 1 196 148 110 30
26335.jpg 1 197 138 99 27
26354.jpg 1 247 174 104 29
26355.jpg 1 235 165 97 27
26624.jpg 1 211 227 119 32
26625.jpg 1 204 211 113 31
26633.jpg 1 233 205 107 30
26635.jpg 1 222 211 112 31
26936.jpg 1 226 131 96 26
26962.jpg 1 233 227 116 32
26963.jpg 1 222 214 119 32
26964.jpg 1 173 177 113 31
26966.jpg 1 208 112 93 25
26968.jpg 1 206 222 130 36
26969.jpg 1 204 210 113 31
27156.jpg 1 183 246 119 32
27157.jpg 1 176 232 109 30
27358.jpg 1 249 180 103 28
27359.jpg 1 240 169 96 27
27784.jpg 1 240 169 111 31
27785.jpg 1 238 162 92 25
28176.jpg 1 196 165 128 35
28177.jpg 1 198 152 104 29
282.jpg 1 199 86 117 32
28310.jpg 1 206 80 112 31
28380.jpg 1 172 146 116 32
28382.jpg 1 191 134 115 31
28428.jpg 1 189 102 107 30
28430.jpg 1 163 93 110 30
28540.jpg 1 196 134 124 34
28584.jpg 1 194 106 124 34
28622.jpg 1 148 125 124 34
28624.jpg 1 153 124 112 31
28732.jpg 1 183 113 119 32
28798.jpg 1 192 149 116 32
28828.jpg 1 167 131 117 32
28836.jpg 1 138 139 118 32
28916.jpg 1 142 200 119 32
28976.jpg 1 201 97 116 32
28988.jpg 1 160 139 116 32
29058.jpg 1 201 142 116 32
29108.jpg 1 154 94 113 31
29110.jpg 1 165 86 108 30
29156.jpg 1 192 113 115 31
29248.jpg 1 154 152 129 35
29448.jpg 1 182 58 106 29
29584.jpg 1 168 102 114 31
29586.jpg 1 168 87 114 31
300.jpg 1 150 47 100 28
30315.jpg 1 261 251 119 32
30332.jpg 1 160 68 113 31
30638.jpg 1 172 137 120 33
30646.jpg 1 140 133 116 32
30648.jpg 1 176 122 117 32
30752.jpg 1 156 122 120 33
30754.jpg 1 105 135 117 32
30756.jpg 1 126 60 104 28
31006.jpg 1 168 37 110 30
31042.jpg 1 127 143 113 31
31210.jpg 1 116 158 116 32
31236.jpg 1 142 122 114 31
31402.jpg 1 191 128 112 31
316.jpg 1 135 230 117 32
318.jpg 1 137 126 126 35
320.jpg 1 126 114 123 34
32266.jpg 1 172 52 124 34
32268.jpg 1 142 74 125 34
32398.jpg 1 247 144 106 30
32438.jpg 1 142 192 126 35
32439.jpg 1 142 178 110 30
32472.jpg 1 223 183 104 29
32473.jpg 1 210 171 101 28
32474.jpg 1 231 167 111 31
32475.jpg 1 222 159 97 27
32520.jpg 1 224 167 107 30
32521.jpg 1 213 156 104 28
32522.jpg 1 240 168 108 30
32523.jpg 1 231 158 100 27
32572.jpg 1 217 167 106 29
32573.jpg 1 207 156 100 27
32624.jpg 1 264 200 112 31
32625.jpg 1 251 188 109 30
32634.jpg 1 242 221 119 32
32635.jpg 1 236 208 103 28
32678.jpg 1 228 187 107 30
32679.jpg 1 221 175 100 28
32718.jpg 1 224 214 113 31
32719.jpg 1 218 200 103 28
32721.jpg 1 181 163 104 28
32804.jpg 1 204 138 109 30
32805.jpg 1 202 129 101 28
32900.jpg 1 236 204 107 30
32901.jpg 1 227 192 107 30
32906.jpg 1 205 207 112 31
32932.jpg 1 260 184 110 30
32933.jpg 1 248 175 101 28
32940.jpg 1 217 198 116 32
32941.jpg 1 210 188 106 29
32972.jpg 1 222 206 112 31
32973.jpg 1 204 191 114 31
33022.jpg 1 194 237 106 30
33023.jpg 1 183 221 103 28
33025.jpg 1 216 222 103 28
33062.jpg 1 227 191 109 30
33063.jpg 1 215 181 106 29
33086.jpg 1 231 177 110 30
33087.jpg 1 224 165 106 29
33098.jpg 1 217 221 114 31
33161.jpg 1 227 205 106 29
33170.jpg 1 237 230 117 32
33171.jpg 1 227 219 113 31
33220.jpg 1 207 174 107 30
33221.jpg 1 204 162 97 27
33222.jpg 1 232 178 103 28
33223.jpg 1 222 167 93 25
33268.jpg 1 251 171 101 28
33269.jpg 1 238 162 94 26
33322.jpg 1 247 157 105 29
33324.jpg 1 273 179 107 30
33325.jpg 1 259 171 97 27
33360.jpg 1 212 199 114 31
33434.jpg 1 254 216 106 29
3353.jpg 1 240 138 91 25
33568.jpg 1 234 153 103 28
33569.jpg 1 223 144 94 26
33702.jpg 1 204 187 113 31
33704.jpg 1 234 207 106 29
33705.jpg 1 223 193 103 28
3420.jpg 1 156 185 109 30
3421.jpg 1 231 154 96 26
34332.jpg 1 215 221 116 32
34333.jpg 1 214 208 103 28
34428.jpg 1 237 147 116 32
34429.jpg 1 234 138 109 30
34446.jpg 1 214 168 119 32
34447.jpg 1 210 158 108 30
34540.jpg 1 237 232 126 34
34541.jpg 1 230 220 118 32
3456.jpg 1 160 167 117 32
34754.jpg 1 206 189 121 33
34763.jpg 1 227 208 113 31
34764.jpg 1 206 223 121 33
34765.jpg 1 201 210 110 30
34868.jpg 1 226 223 126 34
34869.jpg 1 224 211 113 31
34872.jpg 1 203 240 112 31
34873.jpg 1 196 224 106 29
35089.jpg 1 209 111 83 23
3524.jpg 1 196 245 110 30
3525.jpg 1 273 214 103 28
3528.jpg 1 120 250 117 32
3529.jpg 1 199 213 117 32
35330.jpg 1 188 250 123 34
35331.jpg 1 185 234 108 30
3550.jpg 1 127 180 105 29
35522.jpg 1 235 195 109 30
35523.jpg 1 229 185 96 27
3571.jpg 1 263 212 100 27
3572.jpg 1 151 228 110 30
3573.jpg 1 231 197 102 28
3586.jpg 1 120 239 117 32
3589.jpg 1 237 203 100 27
3590.jpg 1 144 220 106 29
3591.jpg 1 225 189 99 27
36390.jpg 1 199 152 114 31
36391.jpg 1 198 142 103 28
36392.jpg 1 182 171 125 34
36393.jpg 1 184 158 109 30
36412.jpg 1 171 90 125 34
36414.jpg 1 133 57 122 34
36504.jpg 1 197 59 107 30
36550.jpg 1 143 89 116 32
3658.jpg 1 165 224 112 31
36586.jpg 1 178 144 131 36
3659.jpg 1 242 191 101 28
36628.jpg 1 194 73 112 31
36666.jpg 1 156 99 112 31
36702.jpg 1 167 144 127 35
36708.jpg 1 186 130 132 37
36710.jpg 1 181 139 117 32
36746.jpg 1 198 81 109 30
36778.jpg 1 136 99 114 31
36880.jpg 1 172 119 110 30
36936.jpg 1 191 148 120 33
36942.jpg 1 168 143 117 32
36964.jpg 1 163 123 113 31
36972.jpg 1 129 139 120 33
36984.jpg 1 131 118 129 35
37024.jpg 1 198 128 113 31
37040.jpg 1 127 146 129 35
37050.jpg 1 139 236 131 36
37052.jpg 1 153 232 127 35
37086.jpg 1 190 121 120 33
37088.jpg 1 163 113 112 31
37112.jpg 1 187 125 118 32
37114.jpg 1 185 135 123 34
37130.jpg 1 180 123 113 31
3714.jpg 1 70 196 114 31
3715.jpg 1 157 163 103 28
3718.jpg 1 146 231 118 32
3719.jpg 1 226 198 106 29
37196.jpg 1 159 110 132 36
37206.jpg 1 174 148 126 35
37246.jpg 1 182 69 108 30
37278.jpg 1 184 116 126 35
37306.jpg 1 196 73 119 32
37330.jpg 1 163 60 119 32
37332.jpg 1 129 174 124 34
37350.jpg 1 165 148 126 35
37408.jpg 1 142 74 125 34
3749.jpg 1 234 192 104 29
37548.jpg 1 176 125 127 35
37550.jpg 1 96 139 125 34
37616.jpg 1 198 113 120 33
37816.jpg 1 109 134 117 32
3784.jpg 1 159 201 102 28
3785.jpg 1 230 168 100 28
3816.jpg 1 131 217 101 28
3818.jpg 1 98 85 116 32
3820.jpg 1 124 171 110 30
3821.jpg 1 199 142 110 30
38398.jpg 1 159 129 124 34
3841.jpg 1 153 219 111 31
3842.jpg 1 121 254 114 31
3843.jpg 1 198 217 107 30
38494.jpg 1 163 153 126 34
38688.jpg 1 189 136 123 34
38696.jpg 1 165 132 122 34
38698.jpg 1 132 128 120 33
3880.jpg 1 172 207 107 30
3881.jpg 1 248 177 102 28
390.jpg 1 196 122 115 31
39048.jpg 1 155 139 112 31
3920.jpg 1 136 205 106 29
39232.jpg 1 149 122 124 34
39234.jpg 1 129 115 115 31
3979.jpg 1 229 202 110 30
39840.jpg 1 119 145 132 37
4014.jpg 1 112 188 112 31
4015.jpg 1 199 154 102 28
40270.jpg 1 133 43 117 32
40294.jpg 1 215 182 111 31
40295.jpg 1 212 170 99 27
40296.jpg 1 253 172 117 32
40297.jpg 1 242 164 115 31
40386.jpg 1 218 137 109 30
40432.jpg 1 202 193 119 32
40433.jpg 1 200 181 106 29
4046.jpg 1 155 197 106 29
40468.jpg 1 239 211 117 32
40469.jpg 1 230 195 108 30
4047.jpg 1 232 164 104 28
40510.jpg 1 232 142 101 28
40548.jpg 1 213 162 103 28
40549.jpg 1 202 149 100 28
40582.jpg 1 271 220 124 34
40584.jpg 1 219 206 113 31
40585.jpg 1 208 194 106 29
40590.jpg 1 262 213 119 32
40591.jpg 1 258 203 100 27
40592.jpg 1 243 232 113 31
40593.jpg 1 237 219 109 30
40624.jpg 1 232 155 107 30
40625.jpg 1 224 145 96 27
40658.jpg 1 204 200 110 30
40760.jpg 1 247 198 107 30
40761.jpg 1 235 187 101 28
40816.jpg 1 253 197 112 31
40817.jpg 1 246 188 101 28
40820.jpg 1 196 234 120 33
40821.jpg 1 192 217 109 30
40844.jpg 1 243 215 115 31
40845.jpg 1 231 201 106 29
40852.jpg 1 225 219 111 31
40853.jpg 1 218 206 101 28
40864.jpg 1 212 210 107 30
40866.jpg 1 243 184 98 27
40867.jpg 1 232 171 94 26
4087.jpg 1 228 157 99 27
40884.jpg 1 198 181 109 30
40902.jpg 1 244 209 106 29
40903.jpg 1 230 195 105 29
40918.jpg 1 215 203 114 31
40929.jpg 1 232 246 112 31
4094.jpg 1 122 183 109 30
4095.jpg 1 199 151 110 30
40960.jpg 1 189 120 123 34
40962.jpg 1 224 175 105 29
40963.jpg 1 214 167 102 28
40964.jpg 1 210 201 114 31
40986.jpg 1 253 221 119 32
40987.jpg 1 248 209 106 29
40988.jpg 1 257 223 120 33
40989.jpg 1 245 211 112 31
41004.jpg 1 201 231 117 32
41005.jpg 1 198 218 104 28
41070.jpg 1 221 180 110 30
41071.jpg 1 213 168 100 28
41080.jpg 1 244 228 119 32
41081.jpg 1 235 216 112 31
41118.jpg 1 222 163 103 28
41119.jpg 1 208 152 101 28
41152.jpg 1 235 173 107 30
41153.jpg 1 230 164 94 26
41181.jpg 1 244 156 99 27
4120.jpg 1 98 253 133 37
4121.jpg 1 191 216 107 30
41224.jpg 1 215 225 123 34
41225.jpg 1 210 214 105 29
41282.jpg 1 239 171 114 31
41283.jpg 1 229 160 112 31
41420.jpg 1 221 200 107 30
4182.jpg 1 132 220 96 27
442.jpg 1 191 158 132 36
448.jpg 1 165 139 117 32
449.jpg 1 278 255 95 26
462.jpg 1 123 125 122 34
4640.jpg 1 120 239 114 31
4641.jpg 1 197 205 115 31
5010.jpg 1 131 152 112 31
5011.jpg 1 214 122 98 27
508.jpg 1 186 233 128 35
5236.jpg 1 107 205 103 28
5242.jpg 1 141 242 115 31
5346.jpg 1 165 159 119 32
5347.jpg 1 245 130 109 30
542.jpg 1 94 81 122 34
544.jpg 1 97 81 123 34
5458.jpg 1 131 185 105 29
5459.jpg 1 204 151 106 29
5498.jpg 1 138 152 107 30
5499.jpg 1 221 122 90 25
5514.jpg 1 160 207 115 31
5515.jpg 1 240 175 102 28
5516.jpg 1 117 229 126 35
554.jpg 1 111 116 122 34
5554.jpg 1 126 216 113 31
5586.jpg 1 140 259 123 34
5587.jpg 1 222 223 109 30
564.jpg 1 110 140 122 34
566.jpg 1 141 139 113 31
5697.jpg 1 158 232 116 32
5715.jpg 1 210 239 112 31
5722.jpg 1 110 200 117 32
5723.jpg 1 192 168 101 28
5854.jpg 1 160 200 107 30
5855.jpg 1 239 170 100 27
604.jpg 1 187 148 120 33
6070.jpg 1 153 206 115 32
6071.jpg 1 237 172 100 28
652.jpg 1 93 109 120 33
6630.jpg 1 160 43 104 28
6666.jpg 1 176 101 134 37
6686.jpg 1 189 82 119 32
6732.jpg 1 174 135 124 34
6733.jpg 1 285 255 94 26
6758.jpg 1 171 109 124 34
6770.jpg 1 178 157 131 36
6808.jpg 1 119 126 121 34
6814.jpg 1 203 111 121 33
6842.jpg 1 197 143 127 35
6872.jpg 1 168 132 118 32
6890.jpg 1 160 131 118 32
6904.jpg 1 157 142 120 33
6922.jpg 1 131 90 109 30
6942.jpg 1 160 96 112 31
6990.jpg 1 178 129 132 37
7002.jpg 1 175 142 129 35
7026.jpg 1 143 111 117 32
7027.jpg 1 259 233 89 24
7028.jpg 1 152 88 112 31
706.jpg 1 195 156 127 35
7078.jpg 1 134 126 121 33
7092.jpg 1 166 146 115 31
7104.jpg 1 183 152 128 35
7144.jpg 1 96 144 119 32
7146.jpg 1 139 160 121 33
7214.jpg 1 101 119 112 31
7290.jpg 1 147 136 119 32
7340.jpg 1 128 85 127 35
7342.jpg 1 162 90 120 33
742.jpg 1 158 185 111 31
7430.jpg 1 175 61 108 30
744.jpg 1 165 92 109 30
7518.jpg 1 164 92 117 32
7544.jpg 1 144 108 115 31
7638.jpg 1 99 95 115 31
7678.jpg 1 142 134 115 31
7680.jpg 1 183 126 120 33
7708.jpg 1 151 50 116 32
7710.jpg 1 98 142 122 34
8004.jpg 1 182 55 115 31
812.jpg 1 188 84 107 30
820.jpg 1 132 119 128 35
822.jpg 1 112 124 124 34
844.jpg 1 153 170 129 35
8776.jpg 1 145 161 100 27
8814.jpg 1 162 201 110 30
8815.jpg 1 241 171 94 26
8834.jpg 1 168 152 97 27
8864.jpg 1 104 180 112 31
8865.jpg 1 186 148 101 28
8882.jpg 1 138 226 109 30
8908.jpg 1 120 181 100 27
8920.jpg 1 150 267 117 32
8921.jpg 1 233 230 112 31
8960.jpg 1 124 221 110 30
8966.jpg 1 160 232 118 32
8967.jpg 1 242 200 109 30
8994.jpg 1 148 210 104 29
8995.jpg 1 226 179 96 27
9006.jpg 1 110 200 112 31
9007.jpg 1 187 165 104 29
9022.jpg 1 141 193 106 29
9023.jpg 1 218 161 101 28
9042.jpg 1 133 190 117 32
9043.jpg 1 217 159 103 28
9049.jpg 1 234 191 109 30
9056.jpg 1 122 265 124 34
9057.jpg 1 206 230 107 30
9058.jpg 1 133 252 117 32
9059.jpg 1 214 219 109 30
9074.jpg 1 145 184 104 28
9075.jpg 1 209 152 107 30
9096.jpg 1 168 224 105 29
9145.jpg 1 233 209 101 28
9156.jpg 1 128 219 112 31
9180.jpg 1 135 179 101 28
9181.jpg 1 211 148 97 27
9182.jpg 1 140 180 97 27
9183.jpg 1 215 145 99 27
9226.jpg 1 159 174 97 27
9227.jpg 1 235 144 93 25
9244.jpg 1 145 217 99 27
9256.jpg 1 130 262 114 31
9257.jpg 1 212 226 106 29
9296.jpg 1 130 188 103 28
9297.jpg 1 212 156 93 25
9298.jpg 1 141 242 109 30
9299.jpg 1 215 210 103 28
9390.jpg 1 112 252 112 31
9391.jpg 1 191 216 107 30
9446.jpg 1 144 245 119 32
9447.jpg 1 227 213 109 30
9496.jpg 1 120 155 104 28
9498.jpg 1 137 221 119 32
9499.jpg 1 220 188 103 28
9584.jpg 1 141 162 100 28
9672.jpg 1 148 213 110 30
9673.jpg 1 225 184 99 27
9701.jpg 1 215 237 112 31
9794.jpg 1 130 233 114 31
9834.jpg 1 130 241 111 31
9836.jpg 1 156 249 124 34
9837.jpg 1 234 219 112 31
9864.jpg 1 132 185 119 32
9865.jpg 1 212 155 115 31
9866.jpg 1 126 208 113 31
82.jpg 1 217 200 113 31