AEONTP_6A00530_checkin_2020-1-13-16-16i7h_Z3Ua0Y.jpg 1 100 384 296 60
AEONTP_6S81U5_checkin_2020-1-13-16-18bx9UOV6rY5.jpg 1 165 386 179 44
AQUA1_17054_checkin_2020-10-23-10-17jwhBJ7kzC_.jpg 1 141 244 135 40
AQUA1_25697_checkin_2020-10-23-8-17cJpC9WhKCt.jpg 1 133 294 144 38
AQUA1_33928_checkin_2020-10-23-8-46Pi5S8mEXah.jpg 1 119 160 123 32
AQUA1_33928_checkin_2020-10-23-8-51ICUxEIQDLw.jpg 1 144 210 112 35
AQUA1_40304_checkin_2020-10-25-12-277bdC7U4qUk.jpg 1 90 223 218 44
AQUA1_43502_checkin_2020-10-23-8-17ifoUU8ftDr.jpg 1 126 230 132 42
AQUA1_43502_checkin_2020-10-23-8-52NVGEHEXUkc.jpg 1 103 194 168 52
AQUA1_46294_checkin_2020-10-23-8-19UnQ54DsL8f.jpg 1 162 210 86 30
AQUA1_49502_checkin_2020-10-23-7-53p0QWmANSgh.jpg 1 148 254 99 29
AQUA1_60225_checkin_2020-10-26-9-32S7vPENqaNd.jpg 1 13 245 357 104
AQUA1_68251_checkin_2020-10-23-9-38zxToTe0QmX.jpg 1 130 291 127 34
AQUA1_71165_checkin_2020-10-23-9-38guv8BWEboV.jpg 1 119 335 166 50
AQUA1_71554_checkin_2020-10-23-10-25Eczzz4NzBd.jpg 1 125 261 127 40
AQUA1_86034_checkin_2020-10-23-10-18j2Kr8odsYP.jpg 1 92 177 182 54
AQUA1_86034_checkin_2020-10-23-8-18Fz6zs0eJJT.jpg 1 101 128 168 56
AQUA1__checkout_2020-10-25-12-27hDvJVvhkk.jpg 1 87 224 216 42
AQUA2_00084_checkin_2020-10-26-10-0MoJoBpGu0I.jpg 1 103 214 165 52
AQUA2_0009_checkin_2020-10-29-15-4239Xitox8VR.jpg 1 94 274 171 53
AQUA2_0009_checkin_2020-10-29-9-1NqN17YSGrR.jpg 1 98 202 177 50
AQUA2_04180_checkin_2020-10-24-8-27mco3wdTq4q.jpg 1 92 233 149 42
AQUA2_04180_checkin_2020-10-24-8-29xXod6kYSXz.jpg 1 88 239 157 50
AQUA2_04180_checkin_2020-11-2-7-21BPppqJjYMv.jpg 1 130 406 135 36
AQUA2_04926_checkin_2020-10-30-11-162zkpEK7l3M.jpg 1 143 145 112 50
AQUA2_05685_checkin_2020-10-26-15-30McH71I1WZz.jpg 1 54 218 187 57
AQUA2_05685_checkin_2020-10-26-15-31iYBCmaQio4.jpg 1 57 179 189 52
AQUA2_05685_checkin_2020-10-26-15-31jdKskibM8n.jpg 1 72 349 196 54
AQUA2_06932_checkin_2020-11-2-16-3EuXNUXG7rj.jpg 1 52 262 248 68
AQUA2_07718_checkin_2020-10-26-8-41Ix7h52swuU.jpg 1 85 140 195 53
AQUA2_07826_checkin_2020-10-27-15-130u1VLLHmkp.jpg 1 123 185 156 42
AQUA2_13467_checkin_2020-10-29-17-11mb37wFxqsz.jpg 1 115 145 180 65
AQUA2_13780_checkin_2020-10-28-16-13H0Rj0va7NE.jpg 1 108 374 200 48
AQUA2_14436_checkin_2020-10-31-10-10eO5j566liB.jpg 1 96 278 200 35
AQUA2_15961_checkin_2020-11-1-9-40kNGwmy7tkz.jpg 1 23 29 180 79
AQUA2_18036_checkin_2020-10-31-12-13Fnca5nBH2o.jpg 1 111 166 163 79
AQUA2_19663_checkin_2020-10-31-7-48mDa65yh3hU.jpg 1 80 229 192 61
AQUA2_20449_checkin_2020-10-30-16-10k0lW5zaiRw.jpg 1 66 196 144 41
AQUA2_20449_checkin_2020-10-30-16-9aLXtrwuniF.jpg 1 56 177 177 49
AQUA2_20449_checkoutex_2020-10-30-16-10uF9O9vXoMl.jpg 1 70 229 167 47
AQUA2_20477_checkin_2020-10-29-9-276prk7Qk1FY.jpg 1 115 217 167 47
AQUA2_21740_checkin_2020-11-1-15-56DxHKwQn80a.jpg 1 27 214 229 64
AQUA2_23451_checkin_2020-10-29-16-141RBWkUPXZz.jpg 1 97 245 231 65
AQUA2_25808_checkin_2020-11-1-13-86vj6kI0aXD.jpg 1 43 178 242 69
AQUA2_25885_checkin_2020-10-27-8-13UyoZCiZ88E.jpg 1 43 180 241 68
AQUA2_26144_checkin_2020-10-28-8-161KfWJBeCDS.jpg 1 72 215 190 54
AQUA2_26144_checkin_2020-11-2-9-46Vkm78dMNL5.jpg 1 158 279 143 41
AQUA2_29750_checkin_2020-10-25-8-49EWDBSzEldx.jpg 1 161 153 196 56
AQUA2_29814_checkin_2020-10-23-10-15rS2eBVRgJC.jpg 1 171 252 106 30
AQUA2_29814_checkin_2020-10-23-10-17hov4TQL7Rx.jpg 1 157 228 109 30
AQUA2_31553_checkin_2020-11-2-14-45U4k9PB_334.jpg 1 124 239 186 53
AQUA2_32245_checkin_2020-10-29-8-54Oa9hI8MHBr.jpg 1 25 220 253 71
AQUA2_32643_checkin_2020-10-27-10-506oldDb2dPw.jpg 1 72 260 195 55
AQUA2_32659_checkin_2020-10-31-10-11PDB2MoqyCe.jpg 1 124 162 120 33
AQUA2_32659_checkin_2020-10-31-10-12GBl8McNMto.jpg 1 181 182 101 29
AQUA2_32665_checkin_2020-10-26-10-5J1mk7OxRh3.jpg 1 37 116 304 84
AQUA2_32802_checkin_2020-10-27-13-49Cg1BbnuBBk.jpg 1 61 273 202 57
AQUA2_33254_checkin_2020-11-2-14-171KCA8igSZ9.jpg 1 95 275 191 54
AQUA2_33254_checkin_2020-11-2-14-18xxjV6laalP.jpg 1 46 263 229 64
AQUA2_33254_checkoutex_2020-11-2-14-47UtID3dgTEI.jpg 1 123 234 191 54
AQUA2_33744_checkin_2020-10-26-14-8Yj73zqMEF7.jpg 2 72 294 218 62 186 348 3 0
AQUA2_37619_checkin_2020-11-2-9-24POT7I2lv36.jpg 1 97 208 148 42
AQUA2_37986_checkin_2020-10-29-16-50XtY9BGKZIN.jpg 1 57 218 238 67
AQUA2_41171_checkin_2020-10-31-9-4y3gB6pHxEl.jpg 1 65 129 272 77
AQUA2_43755_checkin_2020-11-2-17-28VatYgIGFdm.jpg 1 1 316 395 112
AQUA2_43755_checkoutex_2020-11-2-17-30KvCrSs6Gyt.jpg 1 1 311 395 112
AQUA2_44035_checkin_2020-10-29-10-20rjWQpe2qPh.jpg 1 87 174 186 53
AQUA2_44101_checkin_2020-10-27-11-8VEQvs8aep_.jpg 1 81 192 206 58
AQUA2_46511_checkin_2020-10-19-9-40pL7M5j7qr1.jpg 1 169 294 94 27
AQUA2_46511_checkin_2020-10-19-9-47w2n9j4MXCu.jpg 1 133 194 88 25
AQUA2_46511_checkin_2020-10-19-9-5316TJMlxS_w.jpg 1 161 215 78 21
AQUA2_46885_checkin_2020-10-26-9-40UkOmDeEUL2.jpg 1 98 201 197 56
AQUA2_4703_checkin_2020-11-2-10-60zshWBfANS.jpg 1 97 295 216 61
AQUA2_50483_checkin_2020-10-28-18-193H0q6KEtIM.jpg 1 87 205 175 49
AQUA2_52911_checkin_2020-10-25-10-47llGmFsu0g3.jpg 1 175 172 104 29
AQUA2_52911_checkin_2020-10-25-8-52w2paLJIm01.jpg 1 109 171 146 42
AQUA2_52911_checkin_2020-11-2-15-373ysYKQN3or.jpg 1 115 194 203 57
AQUA2_56048_checkin_2020-11-1-9-36k31kh6FTMh.jpg 1 65 191 328 93
AQUA2_58373_checkin_2020-10-29-9-48eT1I4OVstC.jpg 1 34 231 223 62
AQUA2_60432_checkin_2020-10-26-8-50r9UZ2a91Ms.jpg 1 67 171 204 58
AQUA2_60432_checkin_2020-11-2-9-51Rx2KnII3af.jpg 1 101 275 187 53
AQUA2_6511_checkin_2020-10-19-9-45dcrsKsOHZ7.jpg 1 39 420 218 61
AQUA2_65847_checkin_2020-11-2-16-32w6JgmWCuwI.jpg 1 103 257 200 57
AQUA2_77998_checkin_2020-10-28-8-29mNO_N2GaTr.jpg 1 60 254 223 62
AQUA2_85806_checkin_2020-10-29-13-16lYbcfLONB1.jpg 1 77 225 172 48
AQUA2_90296_checkin_2020-10-28-17-35tB5xFLSOBz.jpg 1 78 192 168 47
AQUA2_92619_checkin_2020-10-31-13-23hSN5DqjmLg.jpg 1 85 189 188 54
AQUA2_93591_checkin_2020-10-25-8-46pMROslbI8g.jpg 1 112 89 130 36
AQUA2_93644_checkin_2020-10-25-8-51FxLc8_eJgX.jpg 1 114 68 149 42
AQUA2_94515_checkin_2020-10-30-15-31IY8KJEGP4C.jpg 1 122 265 178 50
AQUA2_95280_checkin_2020-10-30-10-30BtMOvYaZJI.jpg 1 105 202 147 42
AQUA2_95394_checkin_2020-10-31-11-2uFpYxFnvy_.jpg 1 94 114 214 60
AQUA2_97025_checkin_2020-10-26-7-35Qa6PUpYN1P.jpg 1 78 255 199 56
AQUA2_97701_checkin_2020-10-27-11-30SGrEwo1aPT.jpg 1 57 197 186 53
AQUA2_Y0426_checkin_2020-10-26-15-52iHucXh8UV.jpg 1 151 327 113 31
AQUA2__checkout_2020-10-26-7-51j9G2XHYAds.jpg 1 77 250 209 59
AQUA2__checkout_2020-10-26-8-14XOceGGTJrz.jpg 1 83 157 169 47
AQUA2__checkout_2020-10-26-8-48B9aLRyJw5I.jpg 1 89 143 172 48
AQUA2__checkout_2020-10-26-9-48i6LBAGc_oz.jpg 1 85 200 196 56
AQUA2__checkout_2020-10-27-10-52CdwGd3BNX0.jpg 1 75 261 181 50
AQUA2__checkout_2020-10-27-11-15b_P3z2SHnw.jpg 1 81 195 205 58
AQUA2__checkout_2020-10-28-18-24quNv9CBUlr.jpg 1 96 206 174 49
AQUA2__checkout_2020-10-28-8-38Mtsln3KIhA.jpg 1 63 253 213 60
AQUA2__checkout_2020-10-29-11-370ZV1qTtGsM.jpg 1 54 220 200 57
AQUA2__checkout_2020-10-29-16-30uOCRIrHzA3.jpg 1 105 254 219 62
AQUA2__checkout_2020-10-29-17-14a6Pr0M407G.jpg 1 114 153 200 56
AQUA2__checkout_2020-10-29-9-58jy7Lae9GYD.jpg 1 33 236 219 62
AQUA2__checkout_2020-10-29-9-5CSoAYDMVdZ.jpg 1 100 206 173 48
AQUA2__checkout_2020-11-1-9-57A5LipEKr1u.jpg 1 5 36 246 70
AQUA2__checkout_2020-11-2-15-4TB3R4qX21j.jpg 1 123 235 189 54
AQUA2__checkout_2020-11-2-16-13brS2iCuWAl.jpg 1 49 267 209 59
AQUA2__checkout_2020-11-2-7-22iITx6tjYB3.jpg 1 132 401 141 40
AQUA4_01418_checkin_2020-10-23-8-21dzTuWFnvMT.jpg 1 124 289 145 40
AQUA4_01418_checkin_2020-10-23-8-30V_A_uWFhhN.jpg 1 141 215 162 46
AQUA4_01418_checkin_2020-10-23-8-34AWfpPOgyfw.jpg 1 144 229 137 38
AQUA4_01418_checkoutex_2020-10-23-8-42EJ1VkjYWIr.jpg 1 150 285 136 38
AQUA4_01771_checkin_2020-10-26-18-31xoumolnhXC.jpg 1 128 176 171 49
AQUA4_02343_checkin_2020-10-29-10-2FJinSQHIDo.jpg 1 123 221 161 46
AQUA4_02866_checkin_2020-11-2-14-47Yg1UbdErYZ.jpg 1 52 236 251 71
AQUA4_02965_checkin_2020-10-31-14-52Ngkc7elxqG.jpg 1 51 279 285 81
AQUA4_03038_checkin_2020-10-31-11-17Met0ZZ7rpX.jpg 1 134 209 158 45
AQUA4_03336_checkin_2020-10-26-8-35bA7bzcTDJ3.jpg 1 92 230 186 53
AQUA4_04999_checkin_2020-10-25-15-510k68m6L0hM.jpg 1 79 209 208 59
AQUA4_05080_checkin_2020-10-27-10-38emKqeKy71E.jpg 1 26 266 291 83
AQUA4_07227_checkin_2020-10-30-10-59f37836kaz0.jpg 1 162 235 162 46
AQUA4_07394_checkin_2020-10-26-16-5UF3WXRretJ.jpg 1 160 238 112 31
AQUA4_07394_checkin_2020-10-26-8-30B5LKYu4iE5.jpg 1 167 224 145 40
AQUA4_08079_checkin_2020-10-27-12-27ESb6KN6Szi.jpg 1 163 191 119 33
AQUA4_08531_checkin_2020-10-29-11-11aqW4okvzFI.jpg 1 91 189 218 62
AQUA4_08531_checkin_2020-10-29-11-11OVPKU35mdT.jpg 1 133 179 209 59
AQUA4_10317_checkin_2020-10-26-10-45niWUEbEaIt.jpg 1 69 263 219 62
AQUA4_10428_checkin_2020-10-31-16-54k2LxYCbcvY.jpg 1 118 211 206 58
AQUA4_10432_checkin_2020-10-27-15-21hSHkdWbbti.jpg 1 9 275 255 72
AQUA4_10993_checkin_2020-10-26-9-59Q9SC1vK434.jpg 1 94 233 192 55
AQUA4_11155_checkin_2020-10-31-16-44vhZZgCVCee.jpg 1 112 213 207 59
AQUA4_13017_checkin_2020-10-27-12-42Sdx4Tz0sO2.jpg 1 104 179 185 53
AQUA4_13864_checkin_2020-10-25-15-16C5G081f3uV.jpg 1 138 93 335 95
AQUA4_13864_checkin_2020-10-25-15-7SQ_vlSpsdJ.jpg 1 234 170 229 65
AQUA4_15530_checkin_2020-10-24-8-22Xc5GuIylth.jpg 1 82 160 164 47
AQUA4_15695_checkin_2020-10-30-17-39YEFYrhzCKd.jpg 1 114 236 150 42
AQUA4_1636_checkin_2020-10-27-14-24kRrU5wwy5z.jpg 1 99 172 167 48
AQUA4_17888_checkin_2020-11-2-10-54n7rkYMs7cD.jpg 1 55 207 236 67
AQUA4_185177_checkin_2020-10-31-9-23Pdr1ab0Lml.jpg 1 124 167 196 56
AQUA4_1866_checkin_2020-10-27-17-41xcpMJxftU0.jpg 1 90 236 214 61
AQUA4_1866_checkin_2020-10-28-18-162nxKGNxl2S.jpg 1 60 220 189 54
AQUA4_19185_checkin_2020-10-28-12-583ReYE7alsM.jpg 1 81 178 204 58
AQUA4_20388_checkin_2020-10-30-18-6Lp7OpJkuYv.jpg 1 123 204 182 52
AQUA4_20664_checkin_2020-10-29-15-33ncT9bTy65C.jpg 1 133 191 183 52
AQUA4_21510_checkin_2020-10-28-17-433PdtuFRKj4.jpg 1 109 238 195 55
AQUA4_21510_checkin_2020-10-30-17-15CAkuzVboaU.jpg 1 107 268 187 53
AQUA4_21596_checkin_2020-10-26-15-18PmBEyHSFm8.jpg 1 105 191 147 41
AQUA4_21596_checkin_2020-10-26-15-18rl5M3jVBdB.jpg 1 80 213 188 53
AQUA4_25649_checkin_2020-10-26-16-21FP4mN2pDW_.jpg 1 150 151 94 26
AQUA4_25649_checkin_2020-11-1-15-2p2bDZJsOXd.jpg 1 183 89 322 92
AQUA4_26144_checkin_2020-10-23-17-31b0GmDfCsj.jpg 1 101 234 255 73
AQUA4_26449_checkin_2020-11-2-10-224Od1rrvTBS.jpg 1 54 28 528 150
AQUA4_26A01418_checkin_2020-10-22-9-5TQGUsndlp8.jpg 1 108 248 179 51
AQUA4_28620_checkin_2020-10-28-13-46zcmvpuwdtU.jpg 1 23 191 299 85
AQUA4_2H15079_checkin_2020-10-22-13-29qqfjp143Q9.jpg 1 147 248 116 32
AQUA4_32598_checkin_2020-10-26-7-33cy8p9abOJm.jpg 1 168 214 132 37
AQUA4_32598_checkin_2020-10-26-7-33Ll6zJ8UTMO.jpg 1 154 181 144 40
AQUA4_34588_checkin_2020-10-25-15-57_T7Z9yQEni.jpg 1 12 201 281 79
AQUA4_35217_checkin_2020-11-1-14-9CeBldlFtG3.jpg 1 2 268 386 109
AQUA4_36257_checkin_2020-10-29-18-98rdxnnEnIU.jpg 1 128 226 138 38
AQUA4_36456_checkin_2020-10-31-9-45EKE88sU3EJ.jpg 1 94 248 254 72
AQUA4_42050_checkin_2020-10-28-9-37tL6xHo5DZu.jpg 1 107 200 205 58
AQUA4_42050_checkin_2020-10-29-14-8BggWgWGjMm.jpg 1 159 158 126 35
AQUA4_42050_checkin_2020-10-29-7-51896EW1GGEv.jpg 1 84 204 179 51
AQUA4_42050_checkin_2020-10-29-7-525zR8UiKb0j.jpg 1 101 248 204 58
AQUA4_42050_checkin_2020-10-31-14-19TW8Z0JBQ2h.jpg 1 86 206 208 59
AQUA4_43912_checkin_2020-10-28-14-29ucnUzK9AcS.jpg 1 96 157 196 56
AQUA4_46189_checkin_2020-10-26-17-13vAzvOY2T9y.jpg 1 119 175 169 48
AQUA4_46189_checkin_2020-10-27-17-14NfaaooJvgN.jpg 1 88 196 177 50
AQUA4_46189_checkin_2020-10-28-17-40mUq_rbzcEB.jpg 1 93 203 186 53
AQUA4_46748_checkin_2020-10-31-8-37nBtP_h4XNk.jpg 1 104 201 179 51
AQUA4_48917_checkin_2020-10-26-17-3809eHbgHDmv.jpg 1 64 242 223 63
AQUA4_48917_checkin_2020-10-26-17-38r3lWin91ka.jpg 1 29 225 262 74
AQUA4_49536_checkin_2020-10-27-8-2d8PfskBA_m.jpg 1 134 245 151 42
AQUA4_50833_checkin_2020-10-31-16-390dAkta7eRm.jpg 1 101 252 228 65
AQUA4_5724_checkin_2020-11-2-15-41QZKCPVaORZ.jpg 1 80 127 389 111
AQUA4_65939_checkin_2020-10-26-8-5BF5cy4t146.jpg 1 131 236 185 53
AQUA4_6767_checkin_2020-10-31-17-23M_8qb1K8Ow.jpg 1 88 257 190 54
AQUA4_67941_checkin_2020-10-31-10-19vpIQ89F6ri.jpg 1 141 197 149 41
AQUA4_69919_checkin_2020-10-22-16-12UZK6rRePEp.jpg 1 126 278 168 48
AQUA4_70192_checkin_2020-10-31-16-10GYHXSX2wuM.jpg 1 112 261 212 60
AQUA4_70442_checkin_2020-10-27-9-53kKdoa__4Vk.jpg 1 136 255 170 48
AQUA4_71103_checkin_2020-10-29-15-18Hiktgyiiem.jpg 1 129 204 165 47
AQUA4_71103_checkin_2020-10-30-16-49fmhlrXzwPK.jpg 1 113 153 149 41
AQUA4_71103_checkin_2020-10-31-13-56naC25OZ1Ow.jpg 1 32 194 301 85
AQUA4_72929_checkin_2020-10-30-15-5333er92waDI.jpg 1 127 219 165 47
AQUA4_74338_checkin_2020-11-1-9-30nr6jL8uC5z.jpg 1 104 259 230 65
AQUA4_74905_checkin_2020-10-28-13-13Liafu5cFcc.jpg 1 21 226 274 78
AQUA4_7584_checkin_2020-10-26-8-38zKRMpny6jG.jpg 1 142 162 152 42
AQUA4_76121_checkin_2020-11-1-9-1761rVrd8KMv.jpg 1 161 191 153 42
AQUA4_76791_checkin_2020-10-23-17-2HFiJNNsYuD.jpg 1 108 250 172 49
AQUA4_77397_checkin_2020-10-23-8-390PQG_ymP23.jpg 1 144 281 143 40
AQUA4_7986_checkin_2020-10-24-16-2mK3TUhwszG.jpg 1 221 247 103 29
AQUA4_82506_checkin_2020-10-24-7-53nN8XkyyBzh.jpg 1 159 186 168 48
AQUA4_82506_checkout_2020-10-24-7-53C7QrZaRNbR.jpg 1 149 184 177 51
AQUA4_88459_checkin_2020-10-29-10-33Z72DjnFCRi.jpg 1 71 228 265 75
AQUA4_89685_checkin_2020-10-28-8-45jGRCaX2vG1.jpg 1 63 155 195 56
AQUA4_90F77294_checkin_2020-10-26-11-12YApuXMZvoW.jpg 1 133 383 139 39
AQUA4_91149_checkin_2020-10-31-12-47RAXknFEHSI.jpg 1 121 180 214 61
AQUA4_92840_checkin_2020-10-31-13-22Mso04uDf58.jpg 1 116 184 202 57
AQUA4__checkout_2020-10-23-17-7sO6kKUeoBO.jpg 1 83 233 248 71
AQUA4__checkout_2020-10-23-8-21vq8Xb911PT.jpg 1 114 288 157 45
AQUA4__checkout_2020-10-25-15-52zbrgUHjLwX.jpg 1 73 218 214 61
AQUA4__checkout_2020-10-25-15-57cEnGnrl6nA.jpg 1 2 204 289 82
AQUA4__checkout_2020-10-25-16-18mzgV4oVQPS.jpg 1 48 102 284 81
AQUA4__checkout_2020-10-26-10-2jaRko6AlI7.jpg 1 95 235 191 53
AQUA4__checkout_2020-10-26-8-32UOBjJcSFSo.jpg 1 168 222 146 39
AQUA4__checkout_2020-10-27-10-41QjUEmHhXqf.jpg 1 24 273 297 82
AQUA4__checkout_2020-10-29-15-34mORAVKOYQ7.jpg 1 133 196 189 53
AQUA5_00590_checkin_2020-10-27-17-33niQveHFuGE.jpg 1 20 243 349 97
AQUA5_00635_checkin_2020-10-26-13-32nZs5JzM_Gz.jpg 1 86 177 210 57
AQUA5_00635_checkin_2020-11-1-17-3148ZtOahbe.jpg 1 113 304 174 47
AQUA5_01799_checkin_2020-10-23-17-14pdD8jVvzl8.jpg 1 95 209 159 43
AQUA5_02474_checkin_2020-10-26-14-51Z4K3gp1b_1.jpg 1 62 167 283 78
AQUA5_03916_checkin_2020-10-30-21-25oMyS7Vd7H7.jpg 1 139 266 144 40
AQUA5_04104_checkin_2020-10-26-8-3n4i8wrw8fo.jpg 1 119 157 183 50
AQUA5_05779_checkin_2020-11-2-9-18ye3CH8BYgV.jpg 1 100 273 213 58
AQUA5_06737_checkin_2020-10-26-23-909eOf9Nv7b.jpg 1 105 273 172 47
AQUA5_06932_checkin_2020-10-27-8-55R8HRSqbPPn.jpg 1 103 161 183 50
AQUA5_09566_checkin_2020-10-22-8-18mr16q4sxtm.jpg 1 126 275 194 54
AQUA5_09566_checkin_2020-10-22-8-20Cqn61iTgrg.jpg 1 130 187 198 55
AQUA5_09566_checkin_2020-10-22-8-25nQKbA99r6b.jpg 1 145 281 170 47
AQUA5_09566_checkin_2020-10-22-8-3248D3RddlKa.jpg 1 116 268 194 53
AQUA5_09566_checkin_2020-10-22-8-33NAlxrsOFbH.jpg 1 151 252 156 43
AQUA5_09566_checkin_2020-10-22-8-36zhkfoto7iM.jpg 1 129 288 203 56
AQUA5_09566_checkin_2020-10-22-8-40ha5sQphIlE.jpg 1 128 219 157 43
AQUA5_09566_checkin_2020-10-22-8-44IP7YxmpunS.jpg 1 94 233 248 68
AQUA5_09566_checkin_2020-10-22-9-5e_Jfk32ZCn.jpg 1 113 288 181 49
AQUA5_09566_checkout_2020-10-22-8-227Pn9SNN1Kp.jpg 1 131 194 170 47
AQUA5_09566_checkout_2020-10-22-8-25RVsWKCHq0S.jpg 1 137 177 148 41
AQUA5_09566_checkout_2020-10-22-8-349mgsOsF2mq.jpg 1 141 236 150 42
AQUA5_09566_checkout_2020-10-22-8-42Jd5PVgTBfK.jpg 1 129 216 174 48
AQUA5_10429_checkin_2020-10-28-20-30Epk9yPq2kn.jpg 1 116 387 149 41
AQUA5_10429_checkin_2020-11-2-9-50KMGtRp2AE_.jpg 1 94 351 223 61
AQUA5_10819_checkin_2020-10-29-10-30qHBkvZqIC_.jpg 1 14 332 300 83
AQUA5_11155_checkin_2020-11-1-11-44PAbemuH7Y0.jpg 1 86 299 196 54
AQUA5_13028_checkin_2020-11-1-18-3NXGW1tL5Zr.jpg 1 122 288 178 48
AQUA5_13974_checkin_2020-11-1-11-34p0D6TfYwbG.jpg 1 122 279 174 47
AQUA5_15207_checkin_2020-11-1-10-55sMmjTIt3Jd.jpg 1 96 229 198 54
AQUA5_16380_checkin_2020-10-25-19-28lIIJsBLtYq.jpg 1 113 311 176 48
AQUA5_16380_checkout_2020-10-25-19-30aiU4DDpbfB.jpg 1 105 242 196 53
AQUA5_16871_checkin_2020-11-1-9-518mbUNzhe4Z.jpg 1 69 235 257 71
AQUA5_17831_checkin_2020-10-29-8-23wgal1ly80i.jpg 1 90 244 213 58
AQUA5_19068_checkin_2020-10-31-16-45rGTuapLwn2.jpg 1 40 265 311 86
AQUA5_1910_checkin_2020-10-23-17-1579Wx2EKmNG.jpg 1 105 174 210 58
AQUA5_1910_checkout_2020-10-23-17-19AfNpaZLJ0K.jpg 1 72 108 247 68
AQUA5_1910_checkout_2020-10-24-7-18Bi3AxskL5p.jpg 1 108 146 260 72
AQUA5_1910_checkout_2020-10-24-7-18tVeW4FJn7Q.jpg 1 92 145 276 76
AQUA5_1910_checkout_2020-10-24-7-21NKryqXb9G3.jpg 1 55 141 308 85
AQUA5_19640_checkin_2020-10-27-10-59I8oPbysTda.jpg 1 40 157 252 69
AQUA5_19643_checkoutex_2020-11-2-5-42yJkQ11hblX.jpg 1 66 215 220 60
AQUA5_19752_checkin_2020-10-26-7-49R7ZOQqXOZi.jpg 1 71 173 233 64
AQUA5_19752_checkin_2020-10-29-17-45RycEtbbVj3.jpg 1 85 204 167 45
AQUA5_19752_checkin_2020-10-31-19-31uc5bIVkBvL.jpg 1 122 393 140 38
AQUA5_19903_checkin_2020-10-31-12-1PFABJLaqbt.jpg 1 112 238 173 47
AQUA5_20049_checkin_2020-11-1-13-23A10qSZkzWz.jpg 1 111 284 184 50
AQUA5_20640_checkin_2020-10-31-13-59CdcOV1rD6Y.jpg 1 14 160 276 76
AQUA5_20701_checkin_2020-10-31-11-22bm8Yo_v_0w.jpg 1 84 237 223 61
AQUA5_22254_checkin_2020-10-26-19-18qbm3nlt291.jpg 1 88 240 162 44
AQUA5_22443_checkin_2020-11-1-11-15oXXet4vLN3.jpg 1 72 248 254 70
AQUA5_22776_checkin_2020-11-1-14-39A9kkW_o00D.jpg 1 94 210 212 58
AQUA5_23855_checkin_2020-10-29-8-34UVGci7QPzP.jpg 1 57 130 254 70
AQUA5_23871_checkin_2020-11-1-19-38VPZ4dCGuMX.jpg 1 120 352 148 41
AQUA5_25074_checkin_2020-11-1-11-48YO4j7q9E_V.jpg 1 108 240 211 58
AQUA5_25495_checkin_2020-10-27-7-7raNEheXCZX.jpg 1 82 278 184 50
AQUA5_25495_checkin_2020-10-29-10-28GrlseiGk8L.jpg 1 81 170 237 65
AQUA5_25795_checkin_2020-10-27-22-131NWEKs8wU8.jpg 1 95 341 181 49
AQUA5_25885_checkin_2020-10-28-18-272t2dyIxEwp.jpg 1 22 149 275 75
AQUA5_25885_checkin_2020-10-29-8-21BWos4RevUu.jpg 1 45 197 227 62
AQUA5_25885_checkin_2020-10-30-9-16PMcpDuHuR0.jpg 1 124 138 161 44
AQUA5_26144_checkin_2020-10-23-17-140HcLE8JWTi.jpg 1 47 223 287 79
AQUA5_2639_checkin_2020-10-31-14-55ssli5tWQfP.jpg 1 76 226 206 57
AQUA5_27580_checkin_2020-10-22-8-13xuVBC6AAb2.jpg 1 118 371 170 46
AQUA5_27580_checkin_2020-10-22-8-9MNif9D5uPU.jpg 1 159 312 110 30
AQUA5_27580_checkin_2020-10-23-17-13R_qkStKRND.jpg 1 94 263 146 40
AQUA5_27580_checkout_2020-10-22-8-119zIO7HhxKM.jpg 1 171 214 118 32
AQUA5_27580_checkout_2020-10-23-17-39BqaHc6U1SV.jpg 1 109 117 180 49
AQUA5_29441_checkin_2020-10-27-15-17zWvJ4ezOeH.jpg 1 0 156 360 100
AQUA5_29H06845_checkin_2020-10-19-14-7bu5yEddHF3.jpg 1 116 229 165 45
AQUA5_30E89023_checkin_2020-10-26-20-2fWf3FOPwY1.jpg 1 142 234 132 36
AQUA5_31825_checkin_2020-10-25-7-30KQvoyIuTha.jpg 1 4 186 391 108
AQUA5_32080_checkin_2020-10-28-8-20LhQ_gohBNq.jpg 1 61 244 240 65
AQUA5_32867_checkin_2020-10-27-2-14JWtFkPyIN8.jpg 1 110 269 154 42
AQUA5_33531_checkin_2020-10-29-10-44Ng2PzpoR3U.jpg 1 52 231 225 62
AQUA5_34241_checkin_2020-11-1-15-41zKpYuMBO6y.jpg 1 124 278 199 55
AQUA5_34411_checkin_2020-10-31-15-59cqZpzKqsWe.jpg 1 82 238 215 59
AQUA5_36078_checkin_2020-10-31-16-23aKIdU3HsLs.jpg 1 109 202 220 61
AQUA5_36253_checkin_2020-11-2-9-57WMyEigYyem.jpg 1 105 337 170 46
AQUA5_36715_checkin_2020-10-31-14-6UEejdJqBH3.jpg 1 103 204 213 58
AQUA5_37260_checkin_2020-10-28-9-55yNCeMFYnS_.jpg 1 49 211 225 62
AQUA5_37277_checkin_2020-10-30-21-22GB1jiz5Bx0.jpg 1 85 262 168 46
AQUA5_37A39988_checkin_2020-10-26-19-34iCekDIEjdF.jpg 1 141 243 124 34
AQUA5_38721_checkin_2020-11-1-17-14wnaPJzN78J.jpg 1 118 266 170 46
AQUA5_38721_checkin_2020-11-1-19-48UeLYci8v1H.jpg 1 102 251 172 47
AQUA5_39509_checkin_2020-10-29-11-14NB1YlqefBk.jpg 1 131 306 198 54
AQUA5_41159_checkin_2020-11-1-15-574L18ec6gfy.jpg 1 118 245 154 42
AQUA5_4243_checkin_2020-11-1-10-25jvMkQhvXAf.jpg 1 97 262 226 62
AQUA5_4253_checkin_2020-10-23-9-182FEIOdbSmp.jpg 1 133 267 152 42
AQUA5_4253_checkin_2020-10-23-9-25vsbu2pgGgK.jpg 1 135 210 161 44
AQUA5_4253_checkin_2020-10-23-9-28xxCJ13SUgX.jpg 1 132 199 220 61
AQUA5_4253_checkin_2020-10-27-10-41aPS_uwLE_E.jpg 1 85 164 195 54
AQUA5_4253_checkin_2020-10-28-10-12mWC2zHNybK.jpg 1 70 296 266 73
AQUA5_4253_checkoutex_2020-10-23-9-23POco12QSux.jpg 1 164 177 150 42
AQUA5_43342_checkin_2020-10-26-19-46due_GoZUzH.jpg 1 127 247 137 38
AQUA5_43843_checkin_2020-11-1-15-29peQyULdDpH.jpg 1 118 249 186 50
AQUA5_45081_checkin_2020-11-1-12-7rns2YHFB2d.jpg 1 125 253 212 58
AQUA5_46319_checkin_2020-11-2-12-3YELGFX0L9e.jpg 1 40 161 318 88
AQUA5_46885_checkin_2020-10-26-16-127Ovxf4jOkZ.jpg 1 111 231 149 41
AQUA5_47005_checkin_2020-10-27-10-47UNG0sr7ePh.jpg 1 62 180 242 67
AQUA5_47036_checkin_2020-11-1-11-52IjLQvESPYd.jpg 1 89 238 190 53
AQUA5_47837_checkin_2020-10-26-19-28hWJeeon_Zt.jpg 1 95 301 147 40
AQUA5_48226_checkin_2020-10-27-16-35QHOitNuFg6.jpg 1 55 181 295 82
AQUA5_49052_checkin_2020-10-26-11-3vvfrF5LNHw.jpg 1 92 184 178 48
AQUA5_51411_checkin_2020-10-27-17-30BKh1HUcv93.jpg 1 68 185 267 73
AQUA5_54659_checkin_2020-10-31-17-8k0NXDSX42M.jpg 1 94 243 247 68
AQUA5_57599_checkoutex_2020-10-28-23-37b9P8p30Lak.jpg 1 103 208 196 54
AQUA5_60898_checkin_2020-10-27-9-56nBn7hHrGdr.jpg 1 84 127 212 58
AQUA5_62043_checkin_2020-10-29-10-0GtLNmj9gOe.jpg 1 46 173 256 70
AQUA5_63699_checkin_2020-10-31-13-448kcZb7dxtP.jpg 1 75 248 275 76
AQUA5_64379_checkin_2020-10-29-18-15bmOq78F4g9.jpg 1 53 216 229 62
AQUA5_66122_checkin_2020-10-27-9-16yNuZjUww1B.jpg 1 86 176 183 50
AQUA5_66266_checkoutex_2020-10-26-13-296niXCvE7pq.jpg 1 137 163 129 35
AQUA5_66625_checkin_2020-10-30-10-8FTZiFXWf5h.jpg 1 55 146 239 65
AQUA5_70179_checkin_2020-11-2-17-42PAqsQqyHcE.jpg 1 74 207 278 76
AQUA5_71179_checkin_2020-10-26-8-49fzDulJJKPa.jpg 1 77 226 205 56
AQUA5_73587_checkin_2020-10-29-20-5YLqGCUjzb7.jpg 1 112 203 176 48
AQUA5_73850_checkin_2020-11-1-18-43S_PGlCBdTU.jpg 1 71 254 200 55
AQUA5_75531_checkin_2020-10-28-20-42Hl2vElWQML.jpg 1 101 291 165 45
AQUA5_75531_checkin_2020-10-30-20-9bNSoFT6Nto.jpg 1 84 270 186 50
AQUA5_76226_checkin_2020-10-31-11-37WrRixnFDLx.jpg 1 120 217 137 38
AQUA5_76791_checkin_2020-10-23-17-128m4qtaA6av.jpg 1 130 221 170 47
AQUA5_76935_checkin_2020-10-27-2-20f3XVBdYX0h.jpg 1 40 233 271 74
AQUA5_79209_checkin_2020-10-26-17-5Um3eMKmzr1.jpg 1 75 243 180 49
AQUA5_7921_checkin_2020-10-31-15-58J89JEcn9bE.jpg 1 41 208 303 84
AQUA5_86404_checkin_2020-10-26-20-24DlkuaubZpw.jpg 1 61 286 195 54
AQUA5_86574_checkin_2020-10-26-9-20yk1souhnpD.jpg 1 37 133 358 99
AQUA5_87180_checkin_2020-10-30-15-58N3sfjeGTfp.jpg 1 71 167 242 67
AQUA5_89A20061_checkin_2020-10-19-14-488QmDTMfuV7.jpg 1 132 273 117 32
AQUA5_90230_checkin_2020-10-31-8-0tWaizksrK3.jpg 1 105 266 203 56
AQUA5_90540_checkin_2020-10-27-13-98_9T8MGcrv.jpg 1 35 187 271 74
AQUA5_90955_checkin_2020-10-31-11-39GrIwxwpXx_.jpg 1 73 247 263 73
AQUA5_93815_checkin_2020-10-30-13-15wghOmATK1J.jpg 1 57 239 285 78
AQUA5_94376_checkin_2020-10-26-14-33DUegNT_QI1.jpg 1 132 172 155 43
AQUA5_96308_checkin_2020-10-26-7-53Il4xrDtMMx.jpg 1 78 177 182 50
AQUA5_97061_checkin_2020-10-27-14-59UILIhNbkRm.jpg 1 66 175 222 61
AQUA5_97363_checkin_2020-10-29-14-536Gn4ZAls5N.jpg 1 44 243 267 73
AQUA5_98846_checkin_2020-11-1-10-21m_cOOMMylS.jpg 1 104 244 197 54
AQUA5_99340_checkin_2020-10-30-15-374gnp1xdWlN.jpg 1 139 67 133 36
AQUA5__checkout_2020-10-30-21-50p0LcSYbbI9.jpg 1 130 265 153 42
AQUA5__checkout_2020-10-31-19-40ewY74bCVXt.jpg 1 116 393 146 40
AQUA5__checkout_2020-11-1-19-48Svg1sgw0x9.jpg 1 98 252 181 49
AQUA5__checkout_2020-11-1-23-39UKDi0oUUl0.jpg 1 49 243 284 78
AQUA7_00275_checkin_2020-11-1-15-292RwA_Vw7xq.jpg 1 80 371 224 61
AQUA7_00275_checkoutex_2020-11-1-21-18LMBHMS7y5G.jpg 1 129 249 158 43
AQUA7_00757_checkin_2020-10-24-11-17Atnc4KwBmW.jpg 1 142 260 187 52
AQUA7_05197_checkin_2020-11-2-14-59Ut4BCTfwOj.jpg 1 128 209 182 49
AQUA7_05207_checkin_2020-11-1-8-34LwQmlfcFqz.jpg 1 177 206 86 24
AQUA7_06973_checkin_2020-10-27-12-20lnJbl4tu4T.jpg 1 99 380 135 36
AQUA7_07379_checkin_2020-10-19-9-503vtsaeAX3t.jpg 1 102 297 166 45
AQUA7_07379_checkin_2020-10-19-9-51kAQpppKeuE.jpg 1 111 286 156 43
AQUA7_07379_checkin_2020-10-19-9-59plW1JE_N3h.jpg 1 111 302 137 38
AQUA7_07379_checkin_2020-10-24-11-18brEjgtOrWO.jpg 1 137 201 129 35
AQUA7_07379_checkin_2020-10-24-9-55zAjokZVI3Z.jpg 1 91 206 147 40
AQUA7_07379_checkout_2020-10-19-10-0Fu8nK7A9ao.jpg 1 125 278 143 39
AQUA7_08211_checkin_2020-11-2-16-58aSh8Ndxp3A.jpg 1 47 284 282 77
AQUA7_08824_checkin_2020-10-22-8-9FYNg17vJCt.jpg 1 101 303 187 52
AQUA7_08877_checkin_2020-10-24-10-462Mpgdeob4A.jpg 1 73 185 120 33
AQUA7_09132_checkin_2020-10-22-8-12wa5D7Fzvor.jpg 1 115 321 178 48
AQUA7_09132_checkin_2020-10-24-9-49mnhyyjGDAv.jpg 1 105 326 139 38
AQUA7_09290_checkin_2020-10-26-22-32auNPMYzMxP.jpg 1 155 326 152 42
AQUA7_09290_checkin_2020-11-2-16-25ajYUxsO3i8.jpg 1 104 326 214 59
AQUA7_09483_checkin_2020-10-26-10-41_NVG83PHWE.jpg 1 128 226 143 39
AQUA7_09586_checkout_2020-10-22-8-21Kn_D98FCUN.jpg 1 113 230 186 51
AQUA7_1040_checkin_2020-11-1-12-25ounWCIpsam.jpg 1 74 369 219 60
AQUA7_11297_checkin_2020-10-30-16-47KoQgwjfJTd.jpg 1 55 296 200 55
AQUA7_12891_checkin_2020-10-30-15-49dCkZCu146w.jpg 1 89 203 232 64
AQUA7_13962_checkin_2020-10-27-7-372d7mEkjOYH.jpg 1 85 345 188 52
AQUA7_1452_checkin_2020-10-24-9-54dmd4dgaIHg.jpg 1 16 187 213 59
AQUA7_16938_checkin_2020-11-1-13-18OXF3kZdOdN.jpg 1 90 294 194 53
AQUA7_17339_checkin_2020-10-31-16-45w2SUMLISon.jpg 1 56 310 241 67
AQUA7_20061_checkin_2020-10-19-10-23SOxm0vrkW.jpg 1 89 261 139 38
AQUA7_20784_checkin_2020-11-1-15-54V7qhZNYbg5.jpg 1 84 264 188 52
AQUA7_21950_checkin_2020-11-1-9-5puwClWncST.jpg 1 117 338 176 48
AQUA7_2471_checkin_2020-11-1-14-29IlTqJrBEKk.jpg 1 131 231 130 35
AQUA7_2471_checkin_2020-11-1-14-31ly5ebCArgA.jpg 1 103 248 166 45
AQUA7_25697_checkin_2020-10-28-22-10wZAxFNmgpz.jpg 1 114 278 191 53
AQUA7_25697_checkin_2020-11-2-13-282GH6XPo0mL.jpg 1 139 313 108 29
AQUA7_25697_checkin_2020-11-2-13-29709CDtWwUA.jpg 1 142 299 113 31
AQUA7_27838_checkout_2020-10-26-19-55zfYKsMFHAS.jpg 1 60 196 282 77
AQUA7_29A09586_checkin_2020-10-22-8-20LWdwM56_12.jpg 1 138 260 161 44
AQUA7_30599_checkin_2020-11-1-10-56iv__6NRjmI.jpg 1 115 197 181 49
AQUA7_30A60434_checkin_2020-10-25-19-512gQoUFJeAl.jpg 1 119 433 155 42
AQUA7_30G27838_checkin_2020-10-26-16-155ZHtVdEwjY.jpg 1 59 236 226 62
AQUA7_32245_checkin_2020-10-26-10-12WP3fTSw3j9.jpg 1 95 293 149 41
AQUA7_32955_checkin_2020-10-31-8-27CpmWxLuEjR.jpg 1 73 260 162 44
AQUA7_33833_checkin_2020-10-22-16-112qm0mvTgrr.jpg 1 81 239 275 76
AQUA7_33833_checkout_2020-10-22-16-12IobCBRbokv.jpg 1 124 259 214 59
AQUA7_3555_checkin_2020-11-1-14-46Ab1b8Zf0ME.jpg 1 61 393 304 84
AQUA7_35919_checkin_2020-10-30-16-50d4dflngc7b.jpg 1 32 192 214 59
AQUA7_36336_checkin_2020-11-1-14-7UhMszkJjZ1.jpg 1 32 371 315 87
AQUA7_40304_checkin_2020-10-25-12-292rEgI5p4B8.jpg 1 81 280 231 63
AQUA7_40304_checkin_2020-10-25-12-30ifR_lKoLv9.jpg 1 142 236 188 52
AQUA7_40304_checkin_2020-10-25-12-31ttRM9Dny7e.jpg 1 125 270 177 48
AQUA7_43441_checkin_2020-10-26-22-41dHr6pPRo56.jpg 1 104 352 194 53
AQUA7_44039_checkin_2020-10-24-8-250IlwSspN4f.jpg 1 90 321 202 56
AQUA7_44482_checkin_2020-11-1-12-50ddLkUmOC4r.jpg 1 105 340 144 40
AQUA7_46294_checkin_2020-10-24-11-16SzHPPHe0FM.jpg 1 76 109 173 47
AQUA7_46437_checkin_2020-10-27-19-50xX8Q9rVzaq.jpg 1 90 330 184 50
AQUA7_46748_checkin_2020-10-27-16-46XTu5K3Oqn8.jpg 1 97 298 135 36
AQUA7_47662_checkin_2020-10-27-21-23NTUaMUXsV9.jpg 1 82 272 204 56
AQUA7_47662_checkout_2020-10-28-6-37tIkalt3_W_.jpg 1 140 205 211 58
AQUA7_48270_checkin_2020-10-29-12-53VIbQGygkvP.jpg 1 124 274 216 59
AQUA7_51271_checkin_2020-10-27-19-556NV5OjW8uw.jpg 1 119 287 187 52
AQUA7_51272_checkin_2020-10-26-7-40ItdCI0m8k9.jpg 1 155 269 82 23
AQUA7_51272_checkout_2020-10-26-7-41yhNdKjYjs3.jpg 1 122 176 81 22
AQUA7_54745_checkin_2020-11-1-12-34j1_H2wpFwC.jpg 1 148 306 138 38
AQUA7_55695_checkin_2020-11-1-16-338YvhqV67Zl.jpg 1 66 279 217 59
AQUA7_57224_checkin_2020-11-1-12-13urU4m_Tsw4.jpg 1 103 335 197 54
AQUA7_60168_checkin_2020-11-1-15-15mKbBDW8WRQ.jpg 1 126 299 199 55
AQUA7_60434_checkin_2020-10-25-19-49UF3ickwd3s.jpg 1 116 418 155 42
AQUA7_60434_checkin_2020-10-25-19-56QP276ZPEVM.jpg 1 69 381 213 58
AQUA7_60513_checkin_2020-10-27-0-00PbtlaRGty.jpg 1 104 317 171 47
AQUA7_60986_checkin_2020-10-24-9-53oJ4ToE8ioP.jpg 1 122 189 178 48
AQUA7_61035_checkin_2020-10-27-11-23xTo1RwMWfV.jpg 1 81 321 155 42
AQUA7_6295_checkin_2020-11-1-7-35HXG6Y7np4d.jpg 1 126 236 170 46
AQUA7_63829_checkin_2020-10-30-8-367BhOw0mNiB.jpg 1 133 367 124 33
AQUA7_63839_checkin_2020-10-30-8-37KiSPp4kjs8.jpg 1 106 355 153 42
AQUA7_64038_checkin_2020-11-1-21-15v8WGwbm9Fn.jpg 1 119 251 176 48
AQUA7_65169_checkin_2020-10-26-10-44KVGU5eWgTQ.jpg 1 70 242 183 50
AQUA7_65900_checkin_2020-11-1-23-17cDAUxnnDua.jpg 1 34 217 224 61
AQUA7_66626_checkin_2020-11-1-11-19ipxCJRTEcI.jpg 1 143 261 125 34
AQUA7_66626_checkout_2020-11-1-11-34jVxkpgFhGP.jpg 1 143 258 124 33
AQUA7_66684_checkin_2020-10-27-9-280mCxNKwpBc.jpg 1 114 337 157 43
AQUA7_68783_checkin_2020-11-1-13-40ww85ttaNPw.jpg 1 39 270 338 93
AQUA7_70190_checkin_2020-10-31-16-54xMCLq_Nbpl.jpg 1 109 270 235 64
AQUA7_70190_checkout_2020-10-31-16-54d5H7_PkJoE.jpg 1 7 170 268 74
AQUA7_70924_checkin_2020-10-26-22-56e54RRM17m6.jpg 1 86 304 200 55
AQUA7_71990_checkout_2020-11-1-11-16E3vX5tdqcD.jpg 1 74 303 165 45
AQUA7_72928_checkin_2020-11-1-11-34XrIdsA7SR.jpg 1 77 301 166 45
AQUA7_74323_checkin_2020-11-1-9-133RsuFtqPM2.jpg 1 105 323 147 40
AQUA7_74905_checkin_2020-10-26-8-53GK3BWJjhCN.jpg 1 103 297 169 46
AQUA7_77159_checkin_2020-11-1-12-48QgYhuroAvL.jpg 1 126 240 130 35
AQUA7_77379_checkin_2020-10-26-21-18VRYzNLn6P0.jpg 1 120 248 198 54
AQUA7_77379_checkin_2020-11-2-17-21TJJedrlTtq.jpg 1 126 286 181 49
AQUA7_80744_checkin_2020-10-26-12-238iu2MU97OU.jpg 1 116 335 182 49
AQUA7_81839_checkin_2020-10-27-9-19wQC4yMLDcC.jpg 1 111 275 114 31
AQUA7_88013_checkin_2020-10-22-8-33V3a8B55XY1.jpg 1 134 305 132 36
AQUA7_88459_checkin_2020-11-1-13-240yObiNh7kA.jpg 1 84 292 216 59
AQUA7_89A07379_checkin_2020-10-19-12-11cPQPwTOd90.jpg 1 115 324 129 35
AQUA7_89A07379_checkin_2020-10-19-9-521ib3jDc4nz.jpg 1 104 326 181 49
AQUA7_96416_checkin_2020-10-26-12-39HnFWXE6QO5.jpg 1 113 398 148 41
AQUA7_97662_checkin_2020-11-2-17-37AU9BTVtt4r.jpg 1 103 190 210 57
AQUA7_98A17339_checkin_2020-10-19-12-10cUK6OHeUFG.jpg 1 118 328 137 38
AQUA7_99015_checkin_2020-11-1-12-29kRe7c09_eC.jpg 1 87 298 209 57
AQUA7_99015_checkout_2020-11-1-12-40wCC0WrGVMz.jpg 1 138 310 151 41
AQUA7_99279_checkin_2020-10-26-10-23NGKYLETE6t.jpg 1 113 313 187 52
AQUA7_NULL_checkin_2020-10-19-10-3VNDtBDGikR.jpg 1 102 265 137 38
AQUA7_NULL_checkin_2020-10-19-9-58edNJa1hMff.jpg 1 94 332 181 49
AQUA7_null_checkout_2020-10-19-10-3npZ7kbHMSM.jpg 1 124 310 137 37
AQUA7_null_checkout_2020-10-19-9-510RiK3jp3Z6.jpg 1 114 121 156 43
AQUA7_null_checkout_2020-10-19-9-52024MDvOIjq.jpg 1 102 264 174 48
AQUA7__checkout_2020-10-25-12-29Q6KjC42bgF.jpg 1 56 282 253 70
AQUA7__checkout_2020-11-2-13-28WN7I3oqNuW.jpg 1 135 316 115 31
AQUA7__checkout_2020-11-2-13-29WhW6tuteYi.jpg 1 139 304 116 31
AQUA7__checkout_2020-11-2-16-59d11weiJHVB.jpg 1 60 280 277 76