10149.jpg 1 231 129 82 22
10690.jpg 1 145 180 91 25
10691.jpg 1 215 145 90 25
1070.jpg 1 77 102 114 31
1071.jpg 1 214 225 83 23
10997.jpg 1 313 148 81 22
11024.jpg 1 163 116 108 30
11025.jpg 1 279 239 82 22
11044.jpg 1 141 110 107 30
11045.jpg 1 261 233 86 24
11084.jpg 1 146 136 113 31
11090.jpg 1 129 192 113 31
11118.jpg 1 135 132 113 31
11119.jpg 1 259 250 85 23
11172.jpg 1 140 99 117 32
11173.jpg 1 260 226 89 24
11210.jpg 1 143 136 109 30
11211.jpg 1 261 254 84 23
11276.jpg 1 109 88 116 32
11279.jpg 1 265 214 79 22
11292.jpg 1 115 150 107 30
11473.jpg 1 306 253 85 23
11477.jpg 1 301 256 83 22
11508.jpg 1 166 133 112 31
11509.jpg 1 279 251 82 22
11564.jpg 1 167 116 113 31
11565.jpg 1 280 237 83 23
11664.jpg 1 137 124 109 30
11665.jpg 1 261 243 83 22
11842.jpg 1 118 135 112 31
11843.jpg 1 242 248 84 23
12214.jpg 1 183 191 107 30
12215.jpg 1 264 161 98 27
12244.jpg 1 171 226 102 28
12245.jpg 1 246 193 100 28
12264.jpg 1 112 187 107 30
12265.jpg 1 195 154 99 27
12304.jpg 1 133 219 101 28
12311.jpg 1 192 232 106 29
12338.jpg 1 129 243 110 30
12430.jpg 1 141 217 107 30
12431.jpg 1 222 185 97 27
12496.jpg 1 145 211 116 32
12497.jpg 1 227 178 105 29
12498.jpg 1 158 210 106 29
12499.jpg 1 235 181 103 28
12681.jpg 1 261 178 93 25
12684.jpg 1 175 223 104 28
128.jpg 1 148 235 113 31
129.jpg 1 129 252 90 25
13386.jpg 1 171 96 102 28
13387.jpg 1 284 226 75 21
13416.jpg 1 136 131 110 30
13417.jpg 1 258 249 81 22
13451.jpg 1 284 247 78 21
13490.jpg 1 186 88 111 31
13491.jpg 1 299 221 77 21
13522.jpg 1 145 58 98 27
13523.jpg 1 262 197 75 21
13559.jpg 1 318 253 80 22
13562.jpg 1 184 135 117 32
13563.jpg 1 294 253 89 24
1357.jpg 1 257 257 86 24
13601.jpg 1 289 213 82 22
13620.jpg 1 172 129 117 32
13621.jpg 1 289 250 83 23
13623.jpg 1 262 191 77 21
13638.jpg 1 163 129 123 34
13639.jpg 1 286 250 83 23
13707.jpg 1 284 206 77 21
13716.jpg 1 159 123 119 32
13717.jpg 1 277 244 83 23
13761.jpg 1 318 258 82 22
13764.jpg 1 123 96 110 30
13765.jpg 1 250 223 81 22
13768.jpg 1 158 136 118 32
13769.jpg 1 274 257 81 22
13797.jpg 1 283 245 86 24
13816.jpg 1 151 176 126 35
13832.jpg 1 169 112 109 30
13833.jpg 1 283 238 78 21
13869.jpg 1 271 260 87 24
13880.jpg 1 186 240 124 34
13940.jpg 1 153 139 108 30
13941.jpg 1 269 256 79 22
14000.jpg 1 133 142 112 31
14001.jpg 1 259 258 79 22
14002.jpg 1 140 54 111 31
14003.jpg 1 263 194 77 21
14004.jpg 1 153 123 112 31
14005.jpg 1 273 246 80 22
14017.jpg 1 294 260 80 22
14020.jpg 1 192 133 112 31
14052.jpg 1 179 103 108 30
14053.jpg 1 291 230 77 21
14084.jpg 1 198 116 106 29
14085.jpg 1 305 241 80 22
14114.jpg 1 185 84 101 28
14115.jpg 1 295 219 73 20
14117.jpg 1 310 226 76 21
14152.jpg 1 166 150 121 33
14153.jpg 1 281 265 84 23
14221.jpg 1 271 258 80 22
14254.jpg 1 107 102 103 28
14255.jpg 1 232 228 79 22
14842.jpg 1 174 125 123 34
14843.jpg 1 295 246 86 24
14844.jpg 1 115 131 121 33
14906.jpg 1 179 103 105 29
14907.jpg 1 292 230 74 20
150.jpg 1 190 139 111 31
151.jpg 1 298 258 79 22
15354.jpg 1 168 132 109 30
15355.jpg 1 283 252 78 21
15356.jpg 1 173 138 108 30
15357.jpg 1 287 255 79 22
15692.jpg 1 126 131 103 28
15858.jpg 1 152 162 115 31
15886.jpg 1 169 96 107 30
15887.jpg 1 282 227 79 22
16037.jpg 1 319 249 77 21
16494.jpg 1 143 159 109 30
17000.jpg 1 255 169 95 26
17001.jpg 1 240 160 89 24
17030.jpg 1 221 208 103 28
17060.jpg 1 243 203 100 27
17061.jpg 1 234 193 90 25
17100.jpg 1 254 152 88 24
17101.jpg 1 240 142 86 24
17171.jpg 1 248 167 90 25
17174.jpg 1 235 227 114 31
17175.jpg 1 231 216 100 28
17210.jpg 1 227 136 94 26
17211.jpg 1 212 126 90 25
17228.jpg 1 239 188 99 27
17229.jpg 1 229 175 96 26
17246.jpg 1 219 195 98 27
1728.jpg 1 159 220 111 31
1729.jpg 1 140 245 80 22
17308.jpg 1 228 174 98 27
17309.jpg 1 219 162 94 26
17318.jpg 1 249 213 108 30
17319.jpg 1 238 201 103 28
17364.jpg 1 228 187 99 27
17365.jpg 1 216 176 95 26
17368.jpg 1 222 143 104 29
17369.jpg 1 215 136 93 25
17370.jpg 1 245 226 106 29
17371.jpg 1 235 214 99 27
17400.jpg 1 214 207 101 28
17401.jpg 1 205 192 100 27
17420.jpg 1 163 263 112 31
17421.jpg 1 159 246 101 28
17436.jpg 1 222 202 96 26
17470.jpg 1 209 233 104 29
17540.jpg 1 209 237 99 27
17541.jpg 1 204 224 91 25
17602.jpg 1 215 148 94 26
17603.jpg 1 206 138 88 24
17614.jpg 1 228 233 102 28
17615.jpg 1 219 222 97 27
17618.jpg 1 217 230 100 28
17619.jpg 1 205 219 98 27
17652.jpg 1 271 181 95 26
17653.jpg 1 258 174 89 24
17684.jpg 1 248 189 101 28
17685.jpg 1 240 178 93 25
17717.jpg 1 341 186 94 26
17719.jpg 1 235 161 88 24
17754.jpg 1 217 225 113 31
17755.jpg 1 208 209 103 28
17856.jpg 1 205 167 97 27
17857.jpg 1 199 157 88 24
18553.jpg 1 261 200 99 27
186.jpg 1 202 108 116 32
18694.jpg 1 199 140 104 29
18695.jpg 1 196 130 95 26
187.jpg 1 213 229 78 21
18722.jpg 1 211 167 106 29
18723.jpg 1 204 155 91 25
18966.jpg 1 240 221 106 29
18967.jpg 1 235 208 96 27
18968.jpg 1 228 230 102 28
18969.jpg 1 224 217 94 26
18976.jpg 1 221 190 96 26
18979.jpg 1 227 192 91 25
19472.jpg 1 192 245 110 30
19473.jpg 1 188 228 104 28
1950.jpg 1 171 120 104 29
19500.jpg 1 231 200 103 28
19501.jpg 1 224 190 95 26
1951.jpg 1 282 243 80 22
1961.jpg 1 261 249 80 22
19650.jpg 1 262 201 97 27
19651.jpg 1 252 193 91 25
20114.jpg 1 253 246 101 28
20115.jpg 1 238 230 100 28
20628.jpg 1 165 61 99 27
2063.jpg 1 247 211 90 25
20676.jpg 1 136 95 104 29
20677.jpg 1 259 224 81 22
20706.jpg 1 183 114 113 31
20707.jpg 1 295 242 78 21
20756.jpg 1 191 88 102 28
20757.jpg 1 297 218 76 21
20824.jpg 1 177 139 111 31
20825.jpg 1 291 257 80 22
20830.jpg 1 191 137 110 30
20831.jpg 1 300 256 83 23
20868.jpg 1 196 80 104 29
20900.jpg 1 155 107 103 28
20901.jpg 1 274 233 76 21
20980.jpg 1 149 130 104 28
20981.jpg 1 267 250 76 21
20982.jpg 1 143 188 126 35
20996.jpg 1 182 113 107 30
20997.jpg 1 291 238 80 22
21054.jpg 1 115 110 111 31
21058.jpg 1 136 146 113 31
21102.jpg 1 145 151 108 30
21103.jpg 1 267 263 77 21
21104.jpg 1 142 93 110 30
21124.jpg 1 182 102 107 30
21125.jpg 1 293 233 76 21
21126.jpg 1 158 138 107 30
21150.jpg 1 155 96 98 27
21151.jpg 1 268 224 74 20
21152.jpg 1 190 149 118 32
21162.jpg 1 148 144 114 31
21163.jpg 1 268 259 84 23
21172.jpg 1 149 247 131 36
21174.jpg 1 195 138 110 30
21202.jpg 1 189 89 101 28
21203.jpg 1 293 221 77 21
21238.jpg 1 159 136 103 28
21255.jpg 1 274 262 78 21
21306.jpg 1 149 154 110 30
21307.jpg 1 266 265 83 22
21308.jpg 1 138 86 104 29
21310.jpg 1 135 51 96 27
21323.jpg 1 315 256 81 22
21394.jpg 1 191 117 112 31
21439.jpg 1 301 202 73 20
21468.jpg 1 155 175 109 30
21490.jpg 1 144 151 109 30
21491.jpg 1 258 263 86 24
21566.jpg 1 123 115 111 31
21694.jpg 1 198 154 106 29
2174.jpg 1 167 197 99 27
21744.jpg 1 195 105 103 28
21745.jpg 1 300 232 77 21
218.jpg 1 222 89 104 28
21832.jpg 1 139 132 106 29
219.jpg 1 225 216 75 21
21938.jpg 1 130 138 113 31
2215.jpg 1 290 198 73 20
22224.jpg 1 144 104 114 31
22225.jpg 1 269 230 81 22
22226.jpg 1 137 140 112 31
22266.jpg 1 143 141 114 31
2230.jpg 1 167 133 109 30
2231.jpg 1 280 251 84 23
22310.jpg 1 202 139 114 31
2233.jpg 1 230 203 79 22
22512.jpg 1 173 111 113 31
22513.jpg 1 289 239 81 22
2270.jpg 1 196 148 103 28
2271.jpg 1 201 255 80 22
2272.jpg 1 134 73 106 30
2273.jpg 1 255 207 79 22
22784.jpg 1 179 139 106 29
2300.jpg 1 143 76 100 28
2301.jpg 1 261 208 74 20
23119.jpg 1 248 256 77 21
23120.jpg 1 184 28 91 25
23122.jpg 1 130 141 106 29
23314.jpg 1 133 234 129 35
23354.jpg 1 149 122 116 32
23355.jpg 1 268 242 88 24
23518.jpg 1 208 125 109 30
23519.jpg 1 313 250 76 21
23948.jpg 1 132 42 94 26
2408.jpg 1 135 157 107 30
2425.jpg 1 274 230 86 24
2428.jpg 1 122 102 100 28
2429.jpg 1 247 226 76 21
24340.jpg 1 138 78 114 31
24341.jpg 1 257 207 89 24
2436.jpg 1 132 126 110 30
24452.jpg 1 229 145 88 24
24453.jpg 1 218 136 83 23
24530.jpg 1 216 193 97 27
24580.jpg 1 254 154 94 26
24581.jpg 1 243 142 85 23
24648.jpg 1 267 216 101 28
24649.jpg 1 253 204 95 26
24651.jpg 1 262 205 91 25
24654.jpg 1 247 227 107 30
24655.jpg 1 242 215 99 27
24696.jpg 1 229 155 85 23
24697.jpg 1 212 144 84 23
24728.jpg 1 238 204 98 27
24729.jpg 1 232 194 88 24
24812.jpg 1 242 197 88 24
24813.jpg 1 227 186 87 24
24826.jpg 1 231 209 96 26
24827.jpg 1 219 198 90 25
24880.jpg 1 231 193 94 26
24881.jpg 1 223 181 90 25
24884.jpg 1 212 201 104 29
24886.jpg 1 235 232 105 29
24887.jpg 1 228 218 99 27
24932.jpg 1 239 174 103 28
24933.jpg 1 229 163 96 26
24952.jpg 1 248 180 90 25
24953.jpg 1 233 170 86 24
24954.jpg 1 260 196 100 28
24955.jpg 1 255 188 85 24
24980.jpg 1 217 235 108 30
24981.jpg 1 210 223 96 27
24982.jpg 1 197 247 104 28
24983.jpg 1 189 230 100 27
25083.jpg 1 235 193 84 23
25136.jpg 1 236 168 95 26
25137.jpg 1 224 159 88 24
25139.jpg 1 205 246 103 28
25140.jpg 1 232 214 101 28
25141.jpg 1 225 202 92 25
25142.jpg 1 212 152 89 24
25143.jpg 1 202 141 86 24
25154.jpg 1 222 210 100 27
25156.jpg 1 248 207 100 28
25157.jpg 1 242 196 89 24
25226.jpg 1 217 207 100 27
25270.jpg 1 255 172 93 25
25271.jpg 1 243 164 87 24
25322.jpg 1 222 246 104 28
25323.jpg 1 217 229 101 28
25406.jpg 1 217 237 101 28
25407.jpg 1 205 222 98 27
25526.jpg 1 268 213 99 27
25527.jpg 1 261 206 87 24
25576.jpg 1 255 194 94 26
25577.jpg 1 246 182 90 25
2564.jpg 1 196 122 107 30
2565.jpg 1 302 246 77 21
25666.jpg 1 214 195 97 27
25774.jpg 1 225 180 97 27
25775.jpg 1 217 172 91 25
26062.jpg 1 199 84 88 24
26064.jpg 1 243 230 107 30
26065.jpg 1 241 217 93 25
26066.jpg 1 219 226 109 30
26067.jpg 1 213 213 98 27
261.jpg 1 168 258 83 23
26104.jpg 1 198 228 96 26
26105.jpg 1 187 213 94 26
26152.jpg 1 286 218 98 27
26153.jpg 1 273 208 92 25
26334.jpg 1 199 149 106 29
26335.jpg 1 198 138 96 27
26354.jpg 1 252 177 94 26
26355.jpg 1 241 165 89 24
26624.jpg 1 220 227 104 29
26625.jpg 1 214 213 96 27
26633.jpg 1 242 208 93 25
26635.jpg 1 232 213 94 26
26936.jpg 1 231 131 86 24
26937.jpg 1 221 125 78 21
26962.jpg 1 240 229 102 28
26963.jpg 1 230 215 104 29
26964.jpg 1 185 181 89 24
26965.jpg 1 174 168 86 24
26966.jpg 1 215 116 80 22
26967.jpg 1 200 106 78 21
26968.jpg 1 219 225 105 29
26969.jpg 1 214 213 94 26
27156.jpg 1 183 247 111 31
27157.jpg 1 178 233 100 27
27358.jpg 1 252 183 94 26
27359.jpg 1 241 172 88 24
27784.jpg 1 247 172 96 26
27785.jpg 1 238 164 86 24
2779.jpg 1 293 194 77 21
28176.jpg 1 204 170 104 28
28177.jpg 1 199 154 99 27
282.jpg 1 211 90 94 26
283.jpg 1 212 214 73 20
28310.jpg 1 211 86 94 26
28380.jpg 1 173 146 108 30
28382.jpg 1 201 138 102 28
28428.jpg 1 188 100 105 29
28430.jpg 1 164 95 104 29
28540.jpg 1 202 134 111 31
28584.jpg 1 202 107 109 30
28622.jpg 1 156 131 110 30
28624.jpg 1 152 124 113 31
28732.jpg 1 185 116 109 30
28798.jpg 1 198 151 109 30
28828.jpg 1 169 130 112 31
28836.jpg 1 145 144 109 30
28916.jpg 1 144 198 115 31
28976.jpg 1 204 97 106 29
28988.jpg 1 163 142 104 28
29058.jpg 1 204 143 107 30
29108.jpg 1 161 97 102 28
29110.jpg 1 168 87 97 27
29156.jpg 1 198 115 103 28
29162.jpg 1 158 95 114 31
29248.jpg 1 163 155 109 30
29448.jpg 1 183 58 100 28
29584.jpg 1 173 102 104 29
29586.jpg 1 175 90 99 27
300.jpg 1 153 47 98 27
301.jpg 1 270 192 70 19
303.jpg 1 300 249 83 22
30315.jpg 1 258 250 117 32
30332.jpg 1 158 69 109 30
30638.jpg 1 175 139 112 31
30646.jpg 1 142 132 110 30
30648.jpg 1 185 124 103 28
30752.jpg 1 169 121 103 28
30754.jpg 1 109 133 112 31
30756.jpg 1 130 60 94 26
31006.jpg 1 172 38 102 28
31042.jpg 1 135 141 103 28
31210.jpg 1 115 158 113 31
31236.jpg 1 144 123 112 31
31402.jpg 1 195 126 109 30
316.jpg 1 137 230 108 30
317.jpg 1 122 249 83 22
318.jpg 1 143 128 112 31
319.jpg 1 267 247 81 22
320.jpg 1 130 116 108 30
321.jpg 1 255 237 81 22
32266.jpg 1 173 56 113 31
32268.jpg 1 146 79 112 31
32398.jpg 1 255 148 90 25
32399.jpg 1 241 139 86 24
32438.jpg 1 151 197 100 28
32439.jpg 1 146 183 95 26
32472.jpg 1 231 183 94 26
32473.jpg 1 218 173 87 24
32474.jpg 1 240 170 92 25
32475.jpg 1 228 159 84 23
32520.jpg 1 227 168 97 27
32521.jpg 1 219 157 90 25
32522.jpg 1 245 170 97 27
32523.jpg 1 234 157 90 25
32572.jpg 1 215 169 100 28
32573.jpg 1 207 157 93 25
32624.jpg 1 266 203 105 29
32625.jpg 1 261 193 90 25
32634.jpg 1 244 223 109 30
32635.jpg 1 240 209 97 27
32678.jpg 1 232 187 99 27
32679.jpg 1 223 178 89 24
32718.jpg 1 224 214 107 30
32719.jpg 1 222 203 95 26
32721.jpg 1 188 167 93 25
32804.jpg 1 211 141 101 28
32805.jpg 1 202 130 93 25
32900.jpg 1 240 205 99 27
32901.jpg 1 232 194 90 25
32906.jpg 1 205 210 104 29
32932.jpg 1 264 187 98 27
32933.jpg 1 251 179 92 25
32940.jpg 1 226 203 98 27
32941.jpg 1 217 189 93 25
32954.jpg 1 245 221 106 29
32955.jpg 1 232 210 101 28
32972.jpg 1 222 206 107 30
32973.jpg 1 214 194 99 27
33022.jpg 1 194 237 105 29
33023.jpg 1 191 221 94 26
33024.jpg 1 228 237 103 28
33025.jpg 1 222 223 94 26
33062.jpg 1 231 194 97 27
33063.jpg 1 220 184 91 25
33086.jpg 1 237 178 99 27
33087.jpg 1 230 170 88 24
33098.jpg 1 219 223 99 27
33099.jpg 1 211 210 91 25
33161.jpg 1 234 207 94 26
33170.jpg 1 239 231 108 30
33171.jpg 1 233 219 99 27
33220.jpg 1 216 176 91 25
33221.jpg 1 205 166 87 24
33222.jpg 1 235 177 94 26
33223.jpg 1 222 168 93 25
33268.jpg 1 255 174 92 25
33269.jpg 1 244 164 86 24
33274.jpg 1 216 178 109 30
33275.jpg 1 209 167 100 28
33322.jpg 1 253 158 93 25
33324.jpg 1 275 183 94 26
33325.jpg 1 266 170 89 24
33360.jpg 1 218 203 95 26
33434.jpg 1 259 214 100 28
33435.jpg 1 249 210 90 25
3353.jpg 1 244 139 81 22
33568.jpg 1 241 155 88 24
33569.jpg 1 225 145 86 24
33702.jpg 1 214 188 94 26
33704.jpg 1 237 207 99 27
33705.jpg 1 230 197 91 25
3420.jpg 1 165 189 86 24
3421.jpg 1 240 155 81 22
34332.jpg 1 225 222 97 27
34333.jpg 1 214 209 94 26
34335.jpg 1 232 178 89 24
34428.jpg 1 240 149 108 30
34429.jpg 1 237 139 96 26
34446.jpg 1 222 172 98 27
34447.jpg 1 217 162 87 24
34540.jpg 1 244 236 106 29
34541.jpg 1 241 224 97 27
3456.jpg 1 171 171 88 24
3457.jpg 1 245 142 86 24
34754.jpg 1 217 193 93 25
34763.jpg 1 231 212 94 26
34764.jpg 1 214 226 102 28
34765.jpg 1 212 211 93 25
34868.jpg 1 238 227 101 28
34869.jpg 1 232 213 94 26
34872.jpg 1 206 242 101 28
34873.jpg 1 200 228 97 27
35088.jpg 1 224 120 84 23
35089.jpg 1 211 111 82 22
3524.jpg 1 195 248 104 29
3525.jpg 1 276 218 93 25
3528.jpg 1 130 255 101 28
3529.jpg 1 209 217 96 27
35330.jpg 1 194 255 107 30
35331.jpg 1 188 239 100 27
3550.jpg 1 134 182 88 24
3551.jpg 1 208 150 86 24
35522.jpg 1 235 197 101 28
35523.jpg 1 228 185 91 25
3571.jpg 1 267 214 93 25
3572.jpg 1 153 230 106 29
3573.jpg 1 236 200 96 27
3586.jpg 1 127 242 104 28
3589.jpg 1 240 204 94 26
3590.jpg 1 145 223 99 27
3591.jpg 1 225 192 95 26
36390.jpg 1 202 154 105 29
36391.jpg 1 198 143 97 27
36392.jpg 1 189 171 109 30
36393.jpg 1 183 159 104 29
36412.jpg 1 183 92 101 28
36414.jpg 1 137 57 107 30
36504.jpg 1 196 60 103 28
36550.jpg 1 146 90 105 29
3658.jpg 1 169 227 102 28
36586.jpg 1 189 146 106 29
3659.jpg 1 245 195 93 25
36628.jpg 1 195 75 102 28
36666.jpg 1 158 100 107 30
36702.jpg 1 171 144 113 31
36708.jpg 1 198 132 106 29
36710.jpg 1 179 142 112 31
36746.jpg 1 200 82 100 27
36778.jpg 1 140 99 106 29
36880.jpg 1 175 119 104 29
36936.jpg 1 194 151 106 29
36942.jpg 1 173 146 109 30
36964.jpg 1 166 125 109 30
36972.jpg 1 133 144 107 30
36984.jpg 1 146 123 101 28
37024.jpg 1 206 127 102 28
37040.jpg 1 131 146 116 32
37050.jpg 1 142 239 120 33
37052.jpg 1 158 232 116 32
37086.jpg 1 200 124 102 28
37088.jpg 1 165 113 105 29
37112.jpg 1 189 126 108 30
37114.jpg 1 188 133 112 31
37130.jpg 1 186 125 99 27
3714.jpg 1 80 202 97 27
3715.jpg 1 161 165 86 24
3718.jpg 1 153 238 102 28
3719.jpg 1 232 198 90 25
37196.jpg 1 172 113 103 28
37206.jpg 1 183 145 109 30
37246.jpg 1 186 72 99 27
37278.jpg 1 187 119 115 31
37306.jpg 1 209 77 97 27
37330.jpg 1 175 65 93 25
37332.jpg 1 133 175 108 30
37350.jpg 1 170 152 110 30
37408.jpg 1 150 80 106 29
3749.jpg 1 234 197 97 27
37548.jpg 1 183 123 107 30
37550.jpg 1 100 144 106 29
37616.jpg 1 204 116 104 29
37696.jpg 1 170 145 106 29
37816.jpg 1 112 134 111 31
3784.jpg 1 161 204 94 26
3785.jpg 1 239 174 85 23
3816.jpg 1 133 220 97 27
3818.jpg 1 101 86 111 31
3819.jpg 1 231 213 88 24
3820.jpg 1 126 174 101 28
3821.jpg 1 205 145 98 27
38398.jpg 1 160 132 112 31
3840.jpg 1 83 262 97 27
38406.jpg 1 150 53 95 26
3841.jpg 1 163 223 94 26
3842.jpg 1 129 258 97 27
3843.jpg 1 202 220 98 27
38494.jpg 1 168 156 113 31
38688.jpg 1 201 136 105 29
38696.jpg 1 169 132 108 30
38698.jpg 1 139 133 104 28
3880.jpg 1 181 211 95 26
3881.jpg 1 256 178 86 24
390.jpg 1 199 126 104 28
39048.jpg 1 157 139 107 30
391.jpg 1 208 242 78 21
3920.jpg 1 146 210 90 25
3921.jpg 1 219 175 89 24
39232.jpg 1 152 125 113 31
39234.jpg 1 130 119 106 29
3979.jpg 1 231 206 97 27
39840.jpg 1 130 147 111 31
4014.jpg 1 126 194 92 25
4015.jpg 1 204 159 88 24
40270.jpg 1 141 44 111 31
40294.jpg 1 225 185 95 26
40295.jpg 1 214 172 93 25
40296.jpg 1 257 175 103 28
40297.jpg 1 249 165 99 27
40386.jpg 1 225 141 90 25
40432.jpg 1 207 196 103 28
40433.jpg 1 205 184 92 25
4046.jpg 1 160 202 94 26
40468.jpg 1 245 211 100 28
40469.jpg 1 238 200 88 24
4047.jpg 1 234 166 93 25
40510.jpg 1 238 144 88 24
40511.jpg 1 225 135 85 23
40548.jpg 1 213 165 97 27
40549.jpg 1 206 149 91 25
40582.jpg 1 277 226 107 30
40584.jpg 1 225 209 102 28
40585.jpg 1 217 198 90 25
40590.jpg 1 269 217 101 28
40591.jpg 1 259 206 94 26
40592.jpg 1 248 234 103 28
40593.jpg 1 241 221 95 26
40624.jpg 1 242 156 90 25
40625.jpg 1 226 148 84 23
40658.jpg 1 212 203 99 27
40741.jpg 1 172 239 97 27
40760.jpg 1 253 202 96 26
40761.jpg 1 240 188 91 25
40816.jpg 1 264 200 95 26
40817.jpg 1 247 188 93 25
40820.jpg 1 201 233 107 30
40821.jpg 1 195 221 100 27
40844.jpg 1 242 217 104 29
40845.jpg 1 237 202 96 27
40852.jpg 1 228 219 103 28
40853.jpg 1 221 210 97 27
40864.jpg 1 215 208 97 27
40866.jpg 1 243 183 97 27
40867.jpg 1 234 176 87 24
4087.jpg 1 234 160 87 24
40884.jpg 1 202 185 101 28
40902.jpg 1 245 210 100 28
40903.jpg 1 237 197 93 25
40918.jpg 1 220 208 99 27
40929.jpg 1 235 247 103 28
4094.jpg 1 123 186 101 28
4095.jpg 1 204 152 94 26
40960.jpg 1 195 123 111 31
40962.jpg 1 229 177 94 26
40963.jpg 1 217 168 90 25
40964.jpg 1 217 204 99 27
40986.jpg 1 260 221 104 28
40987.jpg 1 253 210 91 25
40988.jpg 1 263 224 103 28
40989.jpg 1 256 213 96 27
41004.jpg 1 208 236 99 27
41005.jpg 1 201 222 92 25
41070.jpg 1 225 182 99 27
41071.jpg 1 215 170 93 25
41080.jpg 1 248 230 109 30
41081.jpg 1 241 220 95 26
41118.jpg 1 227 167 90 25
41119.jpg 1 216 156 86 24
41152.jpg 1 241 175 94 26
41153.jpg 1 231 167 86 24
41181.jpg 1 246 159 88 24
4120.jpg 1 109 255 107 30
4121.jpg 1 189 218 100 27
41224.jpg 1 223 229 101 28
41225.jpg 1 214 216 94 26
41282.jpg 1 238 172 109 30
41283.jpg 1 232 161 102 28
41291.jpg 1 204 217 91 25
41420.jpg 1 224 200 97 27
4182.jpg 1 132 223 93 25
442.jpg 1 201 163 112 31
443.jpg 1 208 265 80 22
448.jpg 1 168 141 111 31
449.jpg 1 281 257 82 22
462.jpg 1 132 128 107 30
463.jpg 1 255 247 83 22
4640.jpg 1 128 243 101 28
4641.jpg 1 206 207 97 27
5010.jpg 1 134 155 101 28
5011.jpg 1 215 125 91 25
508.jpg 1 198 234 104 29
509.jpg 1 117 170 78 21
5236.jpg 1 110 208 95 26
5242.jpg 1 145 246 101 28
5346.jpg 1 168 162 104 29
5347.jpg 1 250 132 95 26
541.jpg 1 307 254 79 22
542.jpg 1 101 86 109 30
544.jpg 1 106 87 106 29
5458.jpg 1 137 185 91 25
5459.jpg 1 213 156 89 24
5498.jpg 1 152 157 84 23
5499.jpg 1 227 126 77 21
5514.jpg 1 169 209 100 27
5515.jpg 1 248 180 88 24
5516.jpg 1 124 229 110 30
554.jpg 1 124 119 99 27
555.jpg 1 146 232 77 21
5554.jpg 1 137 220 93 25
5586.jpg 1 145 260 110 30
5587.jpg 1 224 225 102 28
564.jpg 1 107 142 113 31
566.jpg 1 135 141 109 30
567.jpg 1 258 256 84 23
5697.jpg 1 162 237 102 28
5710.jpg 1 158 166 97 27
5711.jpg 1 234 136 90 25
5715.jpg 1 215 244 99 27
5722.jpg 1 116 201 103 28
5723.jpg 1 195 172 96 26
5854.jpg 1 166 203 94 26
5855.jpg 1 241 170 91 25
604.jpg 1 192 149 106 29
605.jpg 1 202 258 78 21
6070.jpg 1 160 206 101 28
6071.jpg 1 241 175 89 24
647.jpg 1 164 265 76 21
652.jpg 1 103 110 104 29
653.jpg 1 230 233 83 22
6630.jpg 1 168 45 90 25
6631.jpg 1 276 187 69 19
6666.jpg 1 191 108 101 28
6667.jpg 1 300 237 71 19
6686.jpg 1 199 84 99 27
6687.jpg 1 303 216 73 20
6732.jpg 1 178 138 114 31
6733.jpg 1 290 256 83 22
6758.jpg 1 178 112 102 28
6759.jpg 1 292 236 74 20
6770.jpg 1 186 161 108 30
6781.jpg 1 271 246 82 22
6808.jpg 1 129 129 106 29
6809.jpg 1 251 247 77 21
6814.jpg 1 212 112 100 28
6815.jpg 1 313 240 75 21
6842.jpg 1 204 144 109 30
6843.jpg 1 310 262 80 22
6861.jpg 1 289 256 77 21
6872.jpg 1 176 134 103 28
6873.jpg 1 287 252 77 21
6890.jpg 1 166 132 106 29
6891.jpg 1 279 250 83 22
6897.jpg 1 262 260 86 24
6904.jpg 1 163 144 108 30
6905.jpg 1 277 261 83 22
6922.jpg 1 133 90 102 28
6923.jpg 1 254 218 75 21
6942.jpg 1 163 96 100 28
6990.jpg 1 186 132 111 31
7002.jpg 1 189 146 105 29
7003.jpg 1 297 262 80 22
7026.jpg 1 148 110 107 30
7027.jpg 1 266 234 79 22
7028.jpg 1 155 92 100 27
7029.jpg 1 268 221 77 21
706.jpg 1 204 157 113 31
707.jpg 1 212 264 83 22
7073.jpg 1 304 212 71 19
7078.jpg 1 134 126 121 33
7079.jpg 1 263 246 83 23
7092.jpg 1 165 146 109 30
7093.jpg 1 279 260 80 22
7104.jpg 1 195 156 107 30
7144.jpg 1 98 144 114 31
7145.jpg 1 230 258 87 24
7146.jpg 1 143 160 109 30
7214.jpg 1 100 119 103 28
7215.jpg 1 227 239 82 22
7290.jpg 1 153 137 109 30
7291.jpg 1 270 254 84 23
7340.jpg 1 140 92 102 28
7341.jpg 1 260 219 74 20
7342.jpg 1 167 90 105 29
7343.jpg 1 280 221 77 21
742.jpg 1 163 188 98 27
7430.jpg 1 179 63 100 27
7431.jpg 1 289 203 76 21
744.jpg 1 165 92 103 28
745.jpg 1 277 223 78 21
7518.jpg 1 168 95 104 29
7519.jpg 1 282 224 75 21
7544.jpg 1 147 111 103 28
7545.jpg 1 263 234 77 21
7638.jpg 1 99 97 110 30
7639.jpg 1 235 223 76 21
7678.jpg 1 146 136 107 30
7679.jpg 1 264 250 78 21
7680.jpg 1 190 130 110 30
7681.jpg 1 294 251 87 24
7708.jpg 1 153 52 107 30
7709.jpg 1 273 193 82 22
7710.jpg 1 103 144 111 31
775.jpg 1 98 162 80 22
782.jpg 1 187 99 119 32
783.jpg 1 303 229 81 22
7987.jpg 1 305 200 70 19
8004.jpg 1 183 55 116 32
8005.jpg 1 298 197 78 21
8045.jpg 1 235 229 81 22
812.jpg 1 191 83 99 27
813.jpg 1 299 219 70 19
82.jpg 1 224 203 103 28
820.jpg 1 147 121 105 29
821.jpg 1 267 243 79 22
822.jpg 1 117 128 112 31
83.jpg 1 182 235 76 21
844.jpg 1 165 172 111 31
845.jpg 1 182 275 80 22
87.jpg 1 308 180 61 17
8776.jpg 1 150 164 88 24
8777.jpg 1 228 134 81 22
8814.jpg 1 168 203 93 25
8815.jpg 1 243 172 90 25
8834.jpg 1 173 153 84 23
8835.jpg 1 247 125 80 22
8864.jpg 1 114 182 95 26
8865.jpg 1 194 150 88 24
8882.jpg 1 142 226 98 27
8908.jpg 1 118 183 97 27
8909.jpg 1 200 151 86 24
8920.jpg 1 160 266 104 28
8921.jpg 1 235 230 103 28
8960.jpg 1 132 224 91 25
8966.jpg 1 173 233 96 27
8967.jpg 1 248 201 92 25
8994.jpg 1 156 213 90 25
8995.jpg 1 231 181 86 24
9006.jpg 1 117 201 96 27
9007.jpg 1 194 168 93 25
9022.jpg 1 150 195 91 25
9023.jpg 1 222 162 91 25
9042.jpg 1 143 194 94 26
9043.jpg 1 219 162 91 25
9049.jpg 1 238 196 93 25
905.jpg 1 274 258 78 21
9056.jpg 1 129 267 104 29
9057.jpg 1 212 229 97 27
9058.jpg 1 140 256 102 28
9059.jpg 1 219 220 94 26
9074.jpg 1 147 185 94 26
9075.jpg 1 224 155 87 24
9096.jpg 1 175 227 91 25
9097.jpg 1 249 193 86 24
9145.jpg 1 238 211 96 26
9156.jpg 1 136 221 92 25
9180.jpg 1 141 183 90 25
9181.jpg 1 216 151 90 25
9182.jpg 1 145 180 89 24
9183.jpg 1 220 148 86 24
9226.jpg 1 166 178 89 24
9227.jpg 1 240 145 86 24
9244.jpg 1 146 220 96 26
9245.jpg 1 223 185 89 24
9256.jpg 1 137 263 106 29
9257.jpg 1 212 227 102 28
9296.jpg 1 137 188 96 27
9297.jpg 1 212 158 94 26
9298.jpg 1 145 246 101 28
9299.jpg 1 219 211 98 27
9390.jpg 1 109 251 113 31
9391.jpg 1 192 216 104 29
9446.jpg 1 149 247 110 30
9447.jpg 1 230 211 103 28
9496.jpg 1 127 158 91 25
9497.jpg 1 205 128 83 22
9498.jpg 1 147 224 101 28
9499.jpg 1 224 190 93 25
9584.jpg 1 142 162 91 25
9585.jpg 1 216 132 88 24
9672.jpg 1 155 216 99 27
9673.jpg 1 231 184 93 25
9701.jpg 1 225 242 97 27
9794.jpg 1 134 236 106 29
9834.jpg 1 137 242 97 27
9836.jpg 1 160 253 114 31
9837.jpg 1 242 220 103 28
9864.jpg 1 136 190 109 30
9865.jpg 1 221 155 100 27
9866.jpg 1 132 211 97 27